au2408,,13:38:35.0#,560.200000,565.180000,557.700000,627.760000,513.620000,27249,40542.000000,563.940000,9,563.960000,1,564.000000,1,564.020000,10,564.040000,1,564.080000,2,564.120000,1,564.140000,2,564.180000,12,564.200000,10,564.020000
au2408,,13:38:35.500#,560.200000,565.180000,557.700000,627.760000,513.620000,27249,40542.000000,563.940000,6,563.960000,4,564.000000,1,564.020000,10,564.040000,1,564.080000,2,564.120000,1,564.140000,2,564.180000,9,564.200000,10,564.020000
au2408,,13:38:36.0#,560.200000,565.180000,557.700000,627.760000,513.620000,27249,40542.000000,563.940000,9,563.960000,1,564.000000,1,564.020000,10,564.040000,1,564.080000,2,564.120000,1,564.140000,2,564.180000,9,564.200000,10,564.020000
au2408,,13:38:36.500#,560.200000,565.180000,557.700000,627.760000,513.620000,27249,40542.000000,563.940000,6,563.960000,4,564.000000,1,564.020000,10,564.040000,1,564.080000,2,564.120000,1,564.140000,2,564.180000,9,564.200000,7,564.020000
au2408,,13:38:37.0#,560.200000,565.180000,557.700000,627.760000,513.620000,27249,40542.000000,563.940000,6,563.960000,4,564.000000,1,564.020000,10,564.040000,1,564.080000,2,564.120000,1,564.140000,2,564.180000,9,564.200000,7,564.020000
au2408,,13:38:37.500#,560.200000,565.180000,557.700000,627.760000,513.620000,27249,40542.000000,563.940000,6,563.960000,4,564.000000,1,564.020000,10,564.040000,1,564.080000,2,564.120000,1,564.140000,2,564.180000,9,564.200000,7,564.020000
au2408,,13:38:38.0#,560.200000,565.180000,557.700000,627.760000,513.620000,27249,40542.000000,563.940000,6,563.960000,4,564.000000,1,564.020000,10,564.040000,1,564.080000,2,564.120000,1,564.140000,2,564.180000,9,564.200000,7,564.020000
au2408,,13:38:38.500#,560.200000,565.180000,557.700000,627.760000,513.620000,27249,40542.000000,563.940000,6,563.960000,4,564.000000,1,564.020000,10,564.040000,1,564.080000,2,564.120000,1,564.140000,2,564.180000,9,564.200000,10,564.020000
au2408,,13:38:39.0#,560.200000,565.180000,557.700000,627.760000,513.620000,27249,40542.000000,563.960000,4,564.000000,1,564.020000,10,564.040000,1,564.060000,2,564.080000,2,564.120000,1,564.140000,2,564.180000,9,564.200000,10,564.020000
au2408,,13:38:39.500#,560.200000,565.180000,557.700000,627.760000,513.620000,27251,40543.000000,563.940000,12,563.960000,10,564.000000,1,564.020000,10,564.060000,2,564.120000,1,564.140000,2,564.180000,3,564.200000,10,564.220000,10,564.080000
au2408,,13:38:40.0#,560.200000,565.180000,557.700000,627.760000,513.620000,27252,40543.000000,563.980000,6,564.000000,1,564.020000,10,564.060000,2,564.080000,1,564.140000,2,564.200000,4,564.220000,10,564.240000,15,564.320000,1,564.120000
au2408,,13:38:40.500#,560.200000,565.180000,557.700000,627.760000,513.620000,27252,40543.000000,563.980000,9,564.000000,4,564.020000,10,564.060000,2,564.080000,1,564.140000,2,564.200000,1,564.220000,7,564.240000,12,564.260000,3,564.120000
au2408,,13:38:41.0#,560.200000,565.180000,557.700000,627.760000,513.620000,27252,40543.000000,563.980000,9,564.000000,4,564.020000,10,564.060000,2,564.080000,1,564.140000,2,564.200000,1,564.220000,7,564.240000,9,564.260000,6,564.120000
au2408,,13:38:41.500#,560.200000,565.180000,557.700000,627.760000,513.620000,27252,40543.000000,563.980000,9,564.000000,4,564.020000,10,564.060000,2,564.080000,1,564.140000,2,564.200000,1,564.220000,7,564.240000,9,564.260000,3,564.120000
au2408,,13:38:42.0#,560.200000,565.180000,557.700000,627.760000,513.620000,27252,40543.000000,563.980000,9,564.000000,4,564.020000,10,564.060000,2,564.080000,1,564.140000,2,564.200000,1,564.220000,7,564.240000,9,564.260000,3,564.120000
au2408,,13:38:42.500#,560.200000,565.180000,557.700000,627.760000,513.620000,27252,40543.000000,563.980000,12,564.000000,1,564.020000,10,564.060000,2,564.080000,1,564.140000,2,564.200000,4,564.220000,4,564.240000,9,564.260000,6,564.120000
au2408,,13:38:43.0#,560.200000,565.180000,557.700000,627.760000,513.620000,27252,40543.000000,563.980000,9,564.000000,4,564.020000,10,564.060000,2,564.080000,1,564.140000,2,564.200000,1,564.220000,7,564.240000,9,564.260000,6,564.120000
au2408,,13:38:43.500#,560.200000,565.180000,557.700000,627.760000,513.620000,27252,40543.000000,563.980000,12,564.000000,1,564.020000,10,564.060000,2,564.080000,1,564.120000,2,564.140000,2,564.200000,4,564.220000,4,564.240000,12,564.120000
au2408,,13:38:44.0#,560.200000,565.180000,557.700000,627.760000,513.620000,27252,40543.000000,563.980000,9,564.000000,1,564.020000,10,564.060000,2,564.080000,1,564.140000,2,564.200000,4,564.220000,7,564.240000,12,564.260000,6,564.120000
au2408,,13:38:44.500#,560.200000,565.180000,557.700000,627.760000,513.620000,27252,40543.000000,563.980000,9,564.000000,4,564.020000,10,564.060000,2,564.080000,1,564.140000,2,564.200000,1,564.220000,7,564.240000,9,564.260000,9,564.120000
au2408,,13:38:45.0#,560.200000,565.180000,557.700000,627.760000,513.620000,27252,40543.000000,563.980000,9,564.000000,4,564.020000,10,564.060000,2,564.080000,1,564.140000,2,564.200000,1,564.220000,7,564.240000,9,564.260000,6,564.120000
au2408,,13:38:45.500#,560.200000,565.180000,557.700000,627.760000,513.620000,27252,40543.000000,563.980000,9,564.000000,4,564.020000,10,564.060000,2,564.080000,1,564.140000,2,564.200000,1,564.220000,7,564.240000,9,564.260000,6,564.120000
au2408,,13:38:46.0#,560.200000,565.180000,557.700000,627.760000,513.620000,27252,40543.000000,563.980000,9,564.000000,4,564.020000,10,564.060000,2,564.080000,1,564.140000,2,564.200000,1,564.220000,7,564.240000,9,564.260000,6,564.120000
au2408,,13:38:46.500#,560.200000,565.180000,557.700000,627.760000,513.620000,27252,40543.000000,563.980000,12,564.000000,1,564.020000,10,564.060000,2,564.080000,1,564.140000,2,564.200000,4,564.220000,4,564.240000,9,564.260000,6,564.120000
au2408,,13:38:47.0#,560.200000,565.180000,557.700000,627.760000,513.620000,27252,40543.000000,563.980000,12,564.000000,1,564.020000,10,564.060000,2,564.080000,1,564.140000,2,564.200000,4,564.220000,4,564.240000,9,564.260000,6,564.120000
au2408,,13:38:47.500#,560.200000,565.180000,557.700000,627.760000,513.620000,27253,40542.000000,563.980000,12,564.000000,1,564.020000,10,564.060000,2,564.080000,1,564.140000,1,564.200000,4,564.220000,4,564.240000,12,564.260000,3,564.140000
au2408,,13:38:48.0#,560.200000,565.180000,557.700000,627.760000,513.620000,27254,40541.000000,563.980000,12,564.000000,4,564.020000,10,564.060000,2,564.080000,1,564.120000,1,564.200000,1,564.220000,4,564.240000,12,564.260000,6,564.140000
au2408,,13:38:48.500#,560.200000,565.180000,557.700000,627.760000,513.620000,27255,40540.000000,563.960000,10,563.980000,12,564.000000,1,564.020000,10,564.060000,2,564.200000,4,564.220000,4,564.240000,9,564.260000,6,564.280000,6,564.120000
au2408,,13:38:49.0#,560.200000,565.180000,557.700000,627.760000,513.620000,27256,40539.000000,563.980000,3,564.000000,10,564.020000,10,564.060000,2,564.080000,1,564.180000,10,564.200000,1,564.220000,4,564.240000,6,564.260000,9,564.180000
au2408,,13:38:49.500#,560.200000,565.180000,557.700000,627.760000,513.620000,27256,40539.000000,563.960000,7,563.980000,9,564.000000,7,564.020000,10,564.060000,2,564.160000,1,564.180000,14,564.200000,4,564.220000,1,564.240000,9,564.180000
au2408,,13:38:50.0#,560.200000,565.180000,557.700000,627.760000,513.620000,27256,40539.000000,563.960000,7,563.980000,9,564.000000,4,564.020000,10,564.060000,2,564.160000,3,564.180000,10,564.200000,4,564.220000,1,564.240000,12,564.180000
au2408,,13:38:50.500#,560.200000,565.180000,557.700000,627.760000,513.620000,27256,40539.000000,563.960000,10,563.980000,6,564.000000,4,564.020000,10,564.060000,2,564.140000,2,564.160000,3,564.180000,10,564.200000,1,564.220000,7,564.180000
au2408,,13:38:51.0#,560.200000,565.180000,557.700000,627.760000,513.620000,27256,40539.000000,563.980000,9,564.000000,1,564.020000,10,564.060000,2,564.080000,1,564.140000,2,564.160000,2,564.180000,7,564.200000,1,564.220000,10,564.180000
au2408,,13:38:51.500#,560.200000,565.180000,557.700000,627.760000,513.620000,27256,40539.000000,563.980000,9,564.000000,4,564.020000,10,564.060000,2,564.080000,1,564.140000,2,564.160000,2,564.180000,7,564.200000,1,564.220000,10,564.180000
au2408,,13:38:52.0#,560.200000,565.180000,557.700000,627.760000,513.620000,27256,40539.000000,563.980000,9,564.000000,4,564.020000,10,564.060000,2,564.080000,1,564.140000,2,564.160000,2,564.180000,7,564.200000,1,564.220000,10,564.180000
au2408,,13:38:52.500#,560.200000,565.180000,557.700000,627.760000,513.620000,27257,40538.000000,563.960000,10,563.980000,12,564.000000,1,564.020000,10,564.060000,2,564.140000,2,564.160000,2,564.180000,7,564.200000,4,564.220000,7,564.080000
au2408,,13:38:53.0#,560.200000,565.180000,557.700000,627.760000,513.620000,27257,40538.000000,563.980000,6,564.000000,4,564.020000,10,564.060000,2,564.080000,1,564.140000,2,564.160000,2,564.180000,7,564.200000,1,564.220000,10,564.080000
au2408,,13:38:53.500#,560.200000,565.180000,557.700000,627.760000,513.620000,27258,40538.000000,563.960000,10,563.980000,12,564.000000,2,564.020000,10,564.060000,2,564.140000,1,564.160000,2,564.180000,5,564.200000,4,564.220000,7,564.140000
au2408,,13:38:54.0#,560.200000,565.180000,557.700000,627.760000,513.620000,27258,40538.000000,563.980000,6,564.000000,5,564.020000,10,564.060000,2,564.080000,1,564.140000,1,564.160000,2,564.180000,5,564.200000,1,564.220000,10,564.140000
au2408,,13:38:54.500#,560.200000,565.180000,557.700000,627.760000,513.620000,27258,40538.000000,563.980000,12,564.000000,5,564.020000,10,564.060000,2,564.080000,1,564.140000,1,564.160000,2,564.180000,5,564.200000,4,564.220000,4,564.140000
au2408,,13:38:55.0#,560.200000,565.180000,557.700000,627.760000,513.620000,27259,40538.000000,563.980000,9,564.000000,8,564.020000,10,564.060000,2,564.080000,1,564.160000,2,564.180000,5,564.200000,1,564.220000,7,564.240000,15,564.140000
au2408,,13:38:55.500#,560.200000,565.180000,557.700000,627.760000,513.620000,27259,40538.000000,563.980000,12,564.000000,8,564.020000,10,564.060000,2,564.080000,1,564.160000,2,564.180000,5,564.200000,1,564.220000,4,564.240000,15,564.140000
au2408,,13:38:56.0#,560.200000,565.180000,557.700000,627.760000,513.620000,27260,40537.000000,563.980000,15,564.000000,5,564.020000,10,564.060000,2,564.080000,1,564.160000,2,564.180000,5,564.200000,4,564.220000,1,564.240000,15,564.140000
au2408,,13:38:56.500#,560.200000,565.180000,557.700000,627.760000,513.620000,27260,40537.000000,563.980000,12,564.000000,8,564.020000,10,564.060000,2,564.080000,1,564.160000,2,564.180000,5,564.200000,1,564.220000,4,564.240000,15,564.140000
au2408,,13:38:57.0#,560.200000,565.180000,557.700000,627.760000,513.620000,27260,40537.000000,563.980000,15,564.000000,5,564.020000,10,564.060000,2,564.080000,1,564.140000,1,564.160000,2,564.180000,5,564.200000,1,564.220000,4,564.140000
au2408,,13:38:57.500#,560.200000,565.180000,557.700000,627.760000,513.620000,27260,40537.000000,563.960000,7,563.980000,9,564.000000,8,564.020000,10,564.080000,1,564.160000,2,564.180000,5,564.200000,1,564.220000,7,564.240000,15,564.140000
au2408,,13:38:58.0#,560.200000,565.180000,557.700000,627.760000,513.620000,27260,40537.000000,563.960000,10,563.980000,6,564.000000,8,564.020000,10,564.040000,2,564.140000,1,564.160000,2,564.180000,5,564.200000,1,564.220000,7,564.140000
au2408,,13:38:58.500#,560.200000,565.180000,557.700000,627.760000,513.620000,27260,40537.000000,563.960000,16,563.980000,3,564.000000,2,564.020000,10,564.040000,2,564.100000,2,564.120000,3,564.140000,2,564.160000,1,564.180000,8,564.140000
au2408,,13:38:59.0#,560.200000,565.180000,557.700000,627.760000,513.620000,27260,40537.000000,563.920000,7,563.940000,3,563.960000,10,564.000000,2,564.020000,10,564.100000,2,564.120000,1,564.180000,14,564.200000,10,564.220000,8,564.140000
au2408,,13:38:59.500#,560.200000,565.180000,557.700000,627.760000,513.620000,27260,40537.000000,563.920000,13,563.940000,6,563.960000,1,564.000000,2,564.020000,10,564.080000,1,564.100000,2,564.120000,1,564.160000,9,564.180000,8,564.140000
au2408,,13:39:00.0#,560.200000,565.180000,557.700000,627.760000,513.620000,27260,40537.000000,563.920000,10,563.940000,6,563.960000,1,564.000000,2,564.020000,10,564.080000,3,564.120000,1,564.160000,9,564.180000,9,564.200000,11,564.140000
au2408,,13:39:00.500#,560.200000,565.180000,557.700000,627.760000,513.620000,27260,40537.000000,563.920000,13,563.940000,6,563.960000,1,564.000000,2,564.020000,10,564.080000,1,564.120000,1,564.160000,9,564.180000,9,564.200000,14,564.140000
au2408,,13:39:01.0#,560.200000,565.180000,557.700000,627.760000,513.620000,27260,40537.000000,563.920000,16,563.940000,6,563.960000,1,564.000000,2,564.020000,10,564.080000,4,564.120000,1,564.160000,9,564.180000,9,564.200000,14,564.140000
au2408,,13:39:01.500#,560.200000,565.180000,557.700000,627.760000,513.620000,27260,40537.000000,563.940000,3,563.960000,1,564.000000,2,564.020000,10,564.040000,1,564.080000,2,564.120000,1,564.140000,3,564.160000,6,564.180000,9,564.140000
au2408,,13:39:02.0#,560.200000,565.180000,557.700000,627.760000,513.620000,27260,40537.000000,563.940000,6,563.960000,4,564.000000,2,564.020000,10,564.040000,3,564.080000,1,564.120000,1,564.160000,4,564.180000,18,564.200000,10,564.140000
au2408,,13:39:02.500#,560.200000,565.180000,557.700000,627.760000,513.620000,27261,40537.000000,563.940000,9,563.960000,4,564.000000,2,564.020000,10,564.040000,3,564.120000,1,564.160000,1,564.180000,12,564.200000,16,564.220000,4,564.080000
au2408,,13:39:03.0#,560.200000,565.180000,557.700000,627.760000,513.620000,27261,40537.000000,563.940000,9,563.960000,10,564.000000,2,564.020000,10,564.040000,3,564.120000,1,564.160000,1,564.180000,6,564.200000,13,564.220000,13,564.080000
au2408,,13:39:03.500#,560.200000,565.180000,557.700000,627.760000,513.620000,27261,40537.000000,563.940000,12,563.960000,10,564.000000,2,564.020000,10,564.040000,3,564.120000,1,564.160000,1,564.180000,6,564.200000,10,564.220000,16,564.080000
au2408,,13:39:04.0#,560.200000,565.180000,557.700000,627.760000,513.620000,27261,40537.000000,563.940000,12,563.960000,10,564.000000,2,564.020000,10,564.040000,3,564.120000,3,564.160000,1,564.180000,6,564.200000,10,564.220000,16,564.080000
au2408,,13:39:04.500#,560.200000,565.180000,557.700000,627.760000,513.620000,27261,40537.000000,563.940000,12,563.960000,10,564.000000,2,564.020000,10,564.040000,3,564.100000,1,564.120000,3,564.160000,1,564.180000,6,564.200000,10,564.080000
au2408,,13:39:05.0#,560.200000,565.180000,557.700000,627.760000,513.620000,27261,40537.000000,563.940000,9,563.960000,7,564.000000,2,564.020000,10,564.040000,3,564.120000,3,564.160000,1,564.180000,3,564.200000,16,564.220000,10,564.080000
au2408,,13:39:05.500#,560.200000,565.180000,557.700000,627.760000,513.620000,27261,40537.000000,563.940000,12,563.960000,7,564.000000,2,564.020000,10,564.040000,3,564.100000,1,564.120000,3,564.160000,1,564.180000,9,564.200000,7,564.080000
au2408,,13:39:06.0#,560.200000,565.180000,557.700000,627.760000,513.620000,27261,40537.000000,563.940000,9,563.960000,7,564.000000,2,564.020000,10,564.040000,3,564.100000,1,564.120000,1,564.160000,1,564.180000,6,564.200000,13,564.080000
au2408,,13:39:06.500#,560.200000,565.180000,557.700000,627.760000,513.620000,27261,40537.000000,563.940000,12,563.960000,7,564.000000,2,564.020000,10,564.040000,3,564.100000,1,564.120000,1,564.160000,1,564.180000,6,564.200000,16,564.080000
au2408,,13:39:07.0#,560.200000,565.180000,557.700000,627.760000,513.620000,27261,40537.000000,563.940000,12,563.960000,7,564.000000,2,564.020000,10,564.040000,3,564.100000,1,564.120000,1,564.160000,1,564.180000,6,564.200000,16,564.080000
au2408,,13:39:07.500#,560.200000,565.180000,557.700000,627.760000,513.620000,27261,40537.000000,563.980000,3,564.000000,2,564.020000,10,564.040000,3,564.060000,2,564.100000,1,564.120000,1,564.160000,1,564.180000,3,564.200000,19,564.080000
au2408,,13:39:08.0#,560.200000,565.180000,557.700000,627.760000,513.620000,27262,40536.000000,564.000000,2,564.020000,10,564.040000,3,564.060000,2,564.100000,1,564.120000,1,564.160000,1,564.180000,3,564.200000,10,564.220000,16,564.100000
au2408,,13:39:08.500#,560.200000,565.180000,557.700000,627.760000,513.620000,27263,40536.000000,563.960000,7,563.980000,9,564.000000,8,564.020000,10,564.040000,3,564.120000,1,564.160000,1,564.180000,3,564.200000,4,564.220000,10,564.100000
au2408,,13:39:09.0#,560.200000,565.180000,557.700000,627.760000,513.620000,27263,40536.000000,564.000000,5,564.020000,10,564.040000,3,564.060000,3,564.080000,1,564.120000,1,564.160000,1,564.180000,3,564.200000,4,564.220000,19,564.100000
au2408,,13:39:09.500#,560.200000,565.180000,557.700000,627.760000,513.620000,27264,40536.000000,563.980000,9,564.000000,5,564.020000,10,564.040000,3,564.060000,2,564.160000,1,564.180000,3,564.200000,4,564.220000,13,564.240000,9,564.120000
au2408,,13:39:10.0#,560.200000,565.180000,557.700000,627.760000,513.620000,27264,40536.000000,563.980000,15,564.000000,5,564.020000,10,564.040000,3,564.060000,2,564.140000,1,564.160000,3,564.180000,3,564.200000,4,564.220000,7,564.120000
au2408,,13:39:10.500#,560.200000,565.180000,557.700000,627.760000,513.620000,27264,40536.000000,564.000000,2,564.020000,10,564.040000,3,564.060000,2,564.080000,2,564.140000,1,564.160000,3,564.180000,3,564.200000,4,564.220000,13,564.120000
au2408,,13:39:11.0#,560.200000,565.180000,557.700000,627.760000,513.620000,27264,40536.000000,563.980000,9,564.000000,8,564.020000,10,564.040000,3,564.060000,2,564.140000,1,564.160000,3,564.180000,3,564.200000,4,564.220000,10,564.120000
au2408,,13:39:11.500#,560.200000,565.180000,557.700000,627.760000,513.620000,27264,40536.000000,563.980000,12,564.000000,2,564.020000,5,564.040000,3,564.060000,2,564.140000,1,564.160000,3,564.180000,3,564.200000,4,564.220000,13,564.120000
au2408,,13:39:12.0#,560.200000,565.180000,557.700000,627.760000,513.620000,27264,40536.000000,563.980000,12,564.000000,2,564.020000,5,564.040000,3,564.060000,2,564.140000,1,564.160000,3,564.180000,3,564.200000,4,564.220000,13,564.120000
au2408,,13:39:12.500#,560.200000,565.180000,557.700000,627.760000,513.620000,27264,40536.000000,563.980000,12,564.000000,2,564.020000,5,564.040000,3,564.060000,2,564.140000,1,564.160000,3,564.180000,3,564.200000,4,564.220000,13,564.120000
au2408,,13:39:13.0#,560.200000,565.180000,557.700000,627.760000,513.620000,27264,40536.000000,563.980000,12,564.000000,2,564.020000,5,564.040000,3,564.060000,2,564.140000,1,564.160000,3,564.180000,3,564.200000,4,564.220000,13,564.120000
au2408,,13:39:13.500#,560.200000,565.180000,557.700000,627.760000,513.620000,27264,40536.000000,563.960000,13,563.980000,9,564.000000,2,564.020000,5,564.040000,3,564.140000,3,564.160000,1,564.180000,6,564.200000,1,564.220000,13,564.120000
au2408,,13:39:14.0#,560.200000,565.180000,557.700000,627.760000,513.620000,27264,40536.000000,563.980000,6,564.000000,2,564.020000,5,564.040000,3,564.060000,2,564.140000,3,564.160000,1,564.180000,3,564.200000,7,564.220000,13,564.120000
au2408,,13:39:14.500#,560.200000,565.180000,557.700000,627.760000,513.620000,27264,40536.000000,564.000000,2,564.020000,5,564.040000,3,564.060000,2,564.080000,2,564.140000,1,564.160000,1,564.180000,3,564.200000,4,564.220000,16,564.120000
au2408,,13:39:15.0#,560.200000,565.180000,557.700000,627.760000,513.620000,27264,40536.000000,564.000000,8,564.020000,5,564.040000,3,564.060000,2,564.080000,2,564.140000,1,564.160000,1,564.180000,3,564.200000,1,564.220000,13,564.120000
au2408,,13:39:15.500#,560.200000,565.180000,557.700000,627.760000,513.620000,27264,40536.000000,564.000000,11,564.020000,5,564.040000,3,564.060000,2,564.080000,2,564.140000,1,564.160000,1,564.180000,3,564.200000,1,564.220000,7,564.120000
au2408,,13:39:16.0#,560.200000,565.180000,557.700000,627.760000,513.620000,27264,40536.000000,564.020000,8,564.040000,3,564.060000,2,564.080000,2,564.140000,1,564.160000,1,564.180000,3,564.200000,1,564.220000,4,564.240000,9,564.120000
au2408,,13:39:16.500#,560.200000,565.180000,557.700000,627.760000,513.620000,27265,40536.000000,563.980000,6,564.000000,5,564.020000,11,564.040000,9,564.080000,2,564.160000,1,564.180000,3,564.200000,1,564.220000,1,564.240000,3,564.140000
au2408,,13:39:17.0#,560.200000,565.180000,557.700000,627.760000,513.620000,27266,40535.000000,564.020000,5,564.040000,4,564.080000,2,564.100000,2,564.120000,3,564.180000,3,564.200000,1,564.220000,1,564.240000,3,564.260000,12,564.160000
au2408,,13:39:17.500#,560.200000,565.180000,557.700000,627.760000,513.620000,27267,40534.000000,564.020000,14,564.040000,7,564.080000,2,564.100000,1,564.120000,3,564.200000,1,564.220000,1,564.260000,6,564.280000,18,564.300000,3,564.180000
au2408,,13:39:18.0#,560.200000,565.180000,557.700000,627.760000,513.620000,27267,40534.000000,564.020000,11,564.040000,10,564.080000,2,564.100000,1,564.120000,3,564.200000,3,564.220000,1,564.260000,3,564.280000,6,564.300000,9,564.180000
au2408,,13:39:18.500#,560.200000,565.180000,557.700000,627.760000,513.620000,27267,40534.000000,564.040000,10,564.080000,2,564.100000,1,564.120000,1,564.180000,1,564.200000,3,564.220000,1,564.260000,3,564.280000,9,564.300000,9,564.180000
au2408,,13:39:19.0#,560.200000,565.180000,557.700000,627.760000,513.620000,27270,40533.000000,564.000000,4,564.020000,14,564.040000,7,564.060000,6,564.080000,1,564.140000,1,564.180000,3,564.200000,3,564.220000,1,564.240000,3,564.080000
au2408,,13:39:19.500#,560.200000,565.180000,557.700000,627.760000,513.620000,27272,40532.000000,564.000000,7,564.020000,8,564.040000,1,564.080000,1,564.100000,1,564.180000,7,564.200000,3,564.220000,1,564.240000,9,564.260000,9,564.140000
au2408,,13:39:20.0#,560.200000,565.180000,557.700000,627.760000,513.620000,27273,40531.000000,564.000000,13,564.020000,11,564.040000,1,564.080000,1,564.100000,1,564.180000,4,564.200000,3,564.220000,1,564.240000,3,564.260000,15,564.140000
au2408,,13:39:20.500#,560.200000,565.180000,557.700000,627.760000,513.620000,27273,40531.000000,563.980000,6,564.000000,16,564.020000,8,564.040000,1,564.080000,1,564.120000,1,564.160000,5,564.180000,6,564.200000,1,564.220000,4,564.140000
au2408,,13:39:21.0#,560.200000,565.180000,557.700000,627.760000,513.620000,27273,40531.000000,564.000000,7,564.020000,5,564.040000,1,564.080000,1,564.120000,1,564.180000,6,564.200000,1,564.220000,10,564.240000,12,564.260000,6,564.140000
au2408,,13:39:21.500#,560.200000,565.180000,557.700000,627.760000,513.620000,27275,40530.000000,563.900000,2,563.920000,8,563.980000,6,564.000000,13,564.020000,11,564.140000,1,564.160000,3,564.180000,7,564.200000,1,564.220000,7,564.040000
au2408,,13:39:22.0#,560.200000,565.180000,557.700000,627.760000,513.620000,27275,40530.000000,563.960000,6,563.980000,3,564.000000,4,564.020000,5,564.040000,5,564.120000,4,564.140000,4,564.160000,2,564.180000,5,564.200000,10,564.040000
au2408,,13:39:22.500#,560.200000,565.180000,557.700000,627.760000,513.620000,27275,40530.000000,563.940000,6,563.960000,9,564.000000,4,564.020000,5,564.040000,5,564.120000,5,564.180000,5,564.200000,16,564.220000,10,564.300000,1,564.040000
au2408,,13:39:23.0#,560.200000,565.180000,557.700000,627.760000,513.620000,27275,40530.000000,563.960000,3,564.000000,7,564.020000,5,564.040000,5,564.060000,2,564.120000,2,564.180000,5,564.200000,10,564.220000,13,564.300000,4,564.040000
au2408,,13:39:23.500#,560.200000,565.180000,557.700000,627.760000,513.620000,27275,40530.000000,563.980000,3,564.000000,7,564.020000,5,564.040000,5,564.060000,2,564.120000,2,564.180000,5,564.200000,1,564.220000,19,564.240000,3,564.040000
au2408,,13:39:24.0#,560.200000,565.180000,557.700000,627.760000,513.620000,27275,40530.000000,563.980000,9,564.000000,4,564.020000,5,564.040000,5,564.060000,2,564.120000,1,564.180000,5,564.200000,4,564.220000,13,564.240000,9,564.040000
au2408,,13:39:24.500#,560.200000,565.180000,557.700000,627.760000,513.620000,27275,40530.000000,563.980000,9,564.000000,4,564.020000,5,564.040000,5,564.060000,2,564.160000,1,564.180000,4,564.200000,4,564.220000,13,564.240000,9,564.040000
au2408,,13:39:25.0#,560.200000,565.180000,557.700000,627.760000,513.620000,27275,40530.000000,563.980000,12,564.000000,7,564.020000,5,564.040000,5,564.060000,2,564.140000,4,564.160000,3,564.180000,4,564.200000,4,564.220000,7,564.040000
au2408,,13:39:25.500#,560.200000,565.180000,557.700000,627.760000,513.620000,27275,40530.000000,563.980000,9,564.000000,4,564.020000,5,564.040000,5,564.060000,2,564.120000,1,564.140000,5,564.160000,5,564.180000,3,564.200000,4,564.040000
au2408,,13:39:26.0#,560.200000,565.180000,557.700000,627.760000,513.620000,27275,40530.000000,563.980000,9,564.000000,4,564.020000,5,564.040000,5,564.060000,2,564.120000,2,564.160000,3,564.180000,3,564.200000,7,564.220000,16,564.040000
au2408,,13:39:26.500#,560.200000,565.180000,557.700000,627.760000,513.620000,27275,40530.000000,563.980000,9,564.000000,4,564.020000,5,564.040000,5,564.060000,2,564.120000,1,564.160000,3,564.180000,3,564.200000,4,564.220000,16,564.040000
au2408,,13:39:27.0#,560.200000,565.180000,557.700000,627.760000,513.620000,27277,40529.000000,564.000000,7,564.020000,5,564.040000,5,564.060000,2,564.080000,1,564.160000,3,564.180000,2,564.200000,1,564.220000,16,564.240000,12,564.080000
au2408,,13:39:27.500#,560.200000,565.180000,557.700000,627.760000,513.620000,27277,40529.000000,563.980000,9,564.000000,13,564.020000,5,564.040000,3,564.060000,1,564.160000,3,564.180000,2,564.200000,1,564.220000,7,564.240000,12,564.080000
au2408,,13:39:28.0#,560.200000,565.180000,557.700000,627.760000,513.620000,27277,40529.000000,563.980000,12,564.000000,7,564.020000,5,564.040000,3,564.060000,1,564.140000,1,564.160000,3,564.180000,2,564.200000,1,564.220000,10,564.080000
au2408,,13:39:28.500#,560.200000,565.180000,557.700000,627.760000,513.620000,27277,40529.000000,563.980000,12,564.000000,4,564.020000,5,564.040000,3,564.060000,1,564.140000,2,564.160000,3,564.180000,2,564.200000,4,564.220000,13,564.080000
au2408,,13:39:29.0#,560.200000,565.180000,557.700000,627.760000,513.620000,27277,40529.000000,563.980000,9,564.000000,4,564.020000,5,564.040000,3,564.060000,1,564.140000,1,564.160000,3,564.180000,2,564.200000,4,564.220000,16,564.080000
au2408,,13:39:29.500#,560.200000,565.180000,557.700000,627.760000,513.620000,27277,40529.000000,563.980000,9,564.000000,4,564.020000,5,564.040000,3,564.060000,1,564.140000,1,564.160000,3,564.180000,2,564.200000,4,564.220000,13,564.080000
au2408,,13:39:30.0#,560.200000,565.180000,557.700000,627.760000,513.620000,27277,40529.000000,563.980000,12,564.000000,4,564.020000,5,564.040000,3,564.060000,1,564.140000,1,564.160000,3,564.180000,2,564.200000,4,564.220000,13,564.080000
au2408,,13:39:30.500#,560.200000,565.180000,557.700000,627.760000,513.620000,27277,40529.000000,563.980000,12,564.000000,4,564.020000,5,564.040000,3,564.060000,1,564.140000,1,564.160000,3,564.180000,2,564.200000,4,564.220000,13,564.080000
au2408,,13:39:31.0#,560.200000,565.180000,557.700000,627.760000,513.620000,27277,40529.000000,564.000000,4,564.020000,5,564.040000,3,564.060000,6,564.080000,2,564.120000,1,564.140000,3,564.160000,1,564.180000,2,564.200000,4,564.080000
au2408,,13:39:31.500#,560.200000,565.180000,557.700000,627.760000,513.620000,27277,40529.000000,563.980000,3,564.000000,10,564.020000,5,564.060000,6,564.080000,2,564.160000,1,564.180000,2,564.200000,4,564.220000,10,564.240000,9,564.080000
au2408,,13:39:32.0#,560.200000,565.180000,557.700000,627.760000,513.620000,27277,40529.000000,563.980000,6,564.000000,13,564.020000,5,564.060000,6,564.080000,2,564.140000,1,564.160000,3,564.180000,2,564.200000,1,564.220000,10,564.080000
au2408,,13:39:32.500#,560.200000,565.180000,557.700000,627.760000,513.620000,27277,40529.000000,563.980000,9,564.000000,10,564.020000,5,564.060000,6,564.080000,2,564.140000,1,564.160000,3,564.180000,2,564.200000,1,564.220000,10,564.080000
au2408,,13:39:33.0#,560.200000,565.180000,557.700000,627.760000,513.620000,27277,40529.000000,563.980000,9,564.000000,10,564.020000,5,564.060000,6,564.080000,2,564.140000,1,564.160000,1,564.180000,2,564.200000,1,564.220000,10,564.080000
au2408,,13:39:33.500#,560.200000,565.180000,557.700000,627.760000,513.620000,27277,40529.000000,563.980000,9,564.000000,10,564.020000,5,564.060000,6,564.080000,2,564.140000,1,564.160000,1,564.180000,2,564.200000,1,564.220000,10,564.080000
au2408,,13:39:34.0#,560.200000,565.180000,557.700000,627.760000,513.620000,27277,40529.000000,563.980000,9,564.000000,10,564.020000,5,564.060000,6,564.080000,2,564.140000,1,564.160000,1,564.180000,2,564.200000,1,564.220000,7,564.080000
au2408,,13:39:34.500#,560.200000,565.180000,557.700000,627.760000,513.620000,27277,40529.000000,564.000000,10,564.020000,5,564.060000,6,564.080000,2,564.100000,2,564.140000,1,564.160000,1,564.180000,2,564.200000,1,564.220000,7,564.080000
au2408,,13:39:35.0#,560.200000,565.180000,557.700000,627.760000,513.620000,27277,40529.000000,564.020000,8,564.060000,6,564.080000,2,564.100000,2,564.140000,1,564.160000,1,564.180000,2,564.200000,1,564.220000,4,564.240000,9,564.080000
au2408,,13:39:35.500#,560.200000,565.180000,557.700000,627.760000,513.620000,27278,40528.000000,564.000000,7,564.020000,14,564.040000,6,564.060000,6,564.100000,2,564.180000,2,564.200000,1,564.220000,1,564.240000,3,564.260000,3,564.120000
au2408,,13:39:36.0#,560.200000,565.180000,557.700000,627.760000,513.620000,27279,40527.000000,564.020000,5,564.040000,3,564.060000,6,564.100000,2,564.120000,4,564.200000,1,564.220000,1,564.260000,6,564.280000,12,564.340000,1,564.180000
au2408,,13:39:36.500#,560.200000,565.180000,557.700000,627.760000,513.620000,27279,40527.000000,564.060000,8,564.100000,2,564.120000,4,564.140000,2,564.200000,1,564.220000,1,564.280000,6,564.300000,9,564.340000,4,564.360000,3,564.180000
au2408,,13:39:37.0#,560.200000,565.180000,557.700000,627.760000,513.620000,27281,40525.000000,564.040000,3,564.060000,8,564.080000,3,564.100000,5,564.120000,1,564.180000,1,564.200000,1,564.220000,3,564.260000,3,564.280000,3,564.140000
au2408,,13:39:37.500#,560.200000,565.180000,557.700000,627.760000,513.620000,27281,40525.000000,564.040000,3,564.060000,8,564.100000,2,564.120000,1,564.140000,2,564.180000,1,564.200000,3,564.220000,3,564.280000,9,564.300000,12,564.140000
au2408,,13:39:38.0#,560.200000,565.180000,557.700000,627.760000,513.620000,27281,40525.000000,564.060000,8,564.100000,2,564.120000,1,564.140000,2,564.160000,1,564.180000,1,564.200000,1,564.220000,3,564.280000,6,564.300000,15,564.140000
au2408,,13:39:38.500#,560.200000,565.180000,557.700000,627.760000,513.620000,27282,40525.000000,564.040000,9,564.060000,14,564.100000,2,564.120000,1,564.160000,1,564.200000,1,564.220000,1,564.280000,3,564.300000,15,564.320000,9,564.180000
au2408,,13:39:39.0#,560.200000,565.180000,557.700000,627.760000,513.620000,27283,40524.000000,564.040000,6,564.060000,14,564.100000,2,564.120000,1,564.160000,1,564.220000,1,564.280000,3,564.300000,9,564.320000,9,564.340000,7,564.200000
au2408,,13:39:39.500#,560.200000,565.180000,557.700000,627.760000,513.620000,27283,40524.000000,564.060000,11,564.080000,6,564.100000,2,564.120000,1,564.160000,1,564.220000,1,564.300000,3,564.320000,9,564.340000,10,564.360000,3,564.200000
au2408,,13:39:40.0#,560.200000,565.180000,557.700000,627.760000,513.620000,27283,40524.000000,564.060000,11,564.080000,6,564.100000,2,564.120000,1,564.160000,1,564.300000,3,564.320000,6,564.340000,7,564.360000,6,564.380000,3,564.200000
au2408,,13:39:40.500#,560.200000,565.180000,557.700000,627.760000,513.620000,27283,40524.000000,564.080000,6,564.100000,5,564.120000,1,564.160000,1,564.180000,1,564.260000,8,564.280000,7,564.320000,3,564.340000,9,564.360000,4,564.200000
au2408,,13:39:41.0#,560.200000,565.180000,557.700000,627.760000,513.620000,27284,40523.000000,564.020000,5,564.040000,3,564.060000,14,564.080000,6,564.100000,5,564.220000,2,564.240000,2,564.260000,9,564.280000,13,564.300000,3,564.120000
au2408,,13:39:41.500#,560.200000,565.180000,557.700000,627.760000,513.620000,27285,40523.000000,564.040000,9,564.060000,8,564.100000,1,564.120000,7,564.140000,1,564.200000,1,564.220000,2,564.240000,2,564.280000,9,564.300000,15,564.120000
au2408,,13:39:42.0#,560.200000,565.180000,557.700000,627.760000,513.620000,27286,40523.000000,564.040000,9,564.060000,11,564.100000,1,564.120000,6,564.140000,1,564.220000,2,564.240000,2,564.280000,9,564.300000,6,564.320000,12,564.120000
au2408,,13:39:42.500#,560.200000,565.180000,557.700000,627.760000,513.620000,27286,40523.000000,564.120000,6,564.140000,1,564.160000,1,564.180000,1,564.220000,1,564.280000,6,564.300000,3,564.320000,9,564.340000,12,564.360000,1,564.120000
au2408,,13:39:43.0#,560.200000,565.180000,557.700000,627.760000,513.620000,27288,40522.000000,564.000000,4,564.020000,9,564.060000,8,564.100000,10,564.120000,5,564.260000,7,564.280000,8,564.320000,3,564.340000,3,564.360000,7,564.120000
au2408,,13:39:43.500#,560.200000,565.180000,557.700000,627.760000,513.620000,27288,40522.000000,564.060000,14,564.100000,4,564.120000,2,564.140000,9,564.160000,1,564.220000,1,564.240000,1,564.260000,8,564.280000,5,564.300000,3,564.120000
au2408,,13:39:44.0#,560.200000,565.180000,557.700000,627.760000,513.620000,27288,40522.000000,564.080000,3,564.100000,4,564.120000,2,564.140000,7,564.160000,1,564.240000,1,564.260000,2,564.280000,5,564.300000,3,564.320000,12,564.120000
au2408,,13:39:44.500#,560.200000,565.180000,557.700000,627.760000,513.620000,27292,40520.000000,564.060000,14,564.080000,12,564.100000,1,564.120000,2,564.140000,4,564.220000,2,564.240000,1,564.260000,2,564.280000,5,564.320000,9,564.120000
au2408,,13:39:45.0#,560.200000,565.180000,557.700000,627.760000,513.620000,27292,40520.000000,564.060000,20,564.080000,3,564.100000,1,564.120000,2,564.140000,2,564.220000,2,564.260000,2,564.280000,5,564.300000,6,564.320000,10,564.120000
au2408,,13:39:45.500#,560.200000,565.180000,557.700000,627.760000,513.620000,27292,40520.000000,564.040000,15,564.060000,17,564.100000,1,564.120000,2,564.140000,1,564.200000,2,564.220000,2,564.260000,2,564.280000,8,564.300000,3,564.120000
au2408,,13:39:46.0#,560.200000,565.180000,557.700000,627.760000,513.620000,27294,40520.000000,563.980000,3,564.000000,4,564.020000,17,564.040000,9,564.060000,8,564.180000,1,564.200000,2,564.220000,2,564.260000,2,564.280000,11,564.100000
au2408,,13:39:46.500#,560.200000,565.180000,557.700000,627.760000,513.620000,27294,40520.000000,564.000000,10,564.020000,8,564.060000,5,564.080000,9,564.100000,2,564.180000,1,564.220000,2,564.240000,6,564.260000,6,564.280000,9,564.100000
au2408,,13:39:47.0#,560.200000,565.180000,557.700000,627.760000,513.620000,27295,40519.000000,564.000000,19,564.020000,11,564.060000,9,564.080000,4,564.100000,2,564.220000,2,564.260000,5,564.280000,14,564.300000,8,564.320000,6,564.140000
au2408,,13:39:47.500#,560.200000,565.180000,557.700000,627.760000,513.620000,27296,40518.000000,564.060000,5,564.080000,7,564.100000,3,564.120000,5,564.140000,1,564.200000,1,564.220000,2,564.260000,2,564.280000,7,564.300000,4,564.200000
au2408,,13:39:48.0#,560.200000,565.180000,557.700000,627.760000,513.620000,27297,40517.000000,564.040000,16,564.060000,11,564.080000,7,564.120000,5,564.140000,1,564.200000,1,564.220000,2,564.260000,2,564.280000,4,564.300000,9,564.200000
au2408,,13:39:48.500#,560.200000,565.180000,557.700000,627.760000,513.620000,27297,40517.000000,564.080000,7,564.120000,5,564.140000,1,564.160000,1,564.200000,1,564.220000,2,564.260000,2,564.280000,4,564.300000,6,564.320000,15,564.200000
au2408,,13:39:49.0#,560.200000,565.180000,557.700000,627.760000,513.620000,27299,40516.000000,564.020000,5,564.040000,9,564.060000,14,564.080000,11,564.120000,1,564.240000,2,564.260000,2,564.280000,4,564.300000,3,564.320000,6,564.120000
au2408,,13:39:49.500#,560.200000,565.180000,557.700000,627.760000,513.620000,27300,40515.000000,564.060000,8,564.080000,2,564.100000,3,564.140000,8,564.160000,4,564.240000,1,564.260000,2,564.280000,4,564.300000,6,564.320000,12,564.240000
au2408,,13:39:50.0#,560.200000,565.180000,557.700000,627.760000,513.620000,27301,40514.000000,564.100000,3,564.120000,1,564.140000,5,564.160000,4,564.180000,1,564.260000,2,564.280000,4,564.320000,9,564.340000,13,564.360000,6,564.240000
au2408,,13:39:50.500#,560.200000,565.180000,557.700000,627.760000,513.620000,27302,40513.000000,564.040000,6,564.060000,7,564.080000,14,564.100000,6,564.140000,5,564.240000,3,564.260000,2,564.280000,4,564.300000,3,564.340000,6,564.180000
au2408,,13:39:51.0#,560.200000,565.180000,557.700000,627.760000,513.620000,27303,40513.000000,564.080000,4,564.100000,3,564.140000,2,564.160000,3,564.180000,2,564.260000,2,564.280000,2,564.320000,3,564.340000,15,564.360000,4,564.240000
au2408,,13:39:51.500#,560.200000,565.180000,557.700000,627.760000,513.620000,27304,40513.000000,564.100000,3,564.120000,3,564.140000,2,564.160000,2,564.180000,2,564.260000,1,564.280000,2,564.340000,6,564.360000,8,564.380000,14,564.260000
au2408,,13:39:52.0#,560.200000,565.180000,557.700000,627.760000,513.620000,27304,40513.000000,564.080000,16,564.100000,12,564.140000,1,564.160000,2,564.180000,4,564.260000,1,564.280000,2,564.320000,3,564.340000,3,564.360000,8,564.260000
au2408,,13:39:52.500#,560.200000,565.180000,557.700000,627.760000,513.620000,27304,40513.000000,564.140000,1,564.160000,2,564.180000,4,564.200000,1,564.260000,1,564.280000,2,564.340000,6,564.360000,11,564.380000,14,564.400000,1,564.260000
au2408,,13:39:53.0#,560.200000,565.180000,557.700000,627.760000,513.620000,27306,40511.000000,564.100000,3,564.120000,9,564.140000,7,564.160000,1,564.180000,2,564.280000,1,564.320000,3,564.360000,1,564.380000,6,564.400000,14,564.180000
au2408,,13:39:53.500#,560.200000,565.180000,557.700000,627.760000,513.620000,27306,40511.000000,564.120000,3,564.140000,1,564.160000,1,564.180000,2,564.200000,1,564.240000,1,564.260000,10,564.280000,3,564.300000,3,564.340000,3,564.180000
au2408,,13:39:54.0#,560.200000,565.180000,557.700000,627.760000,513.620000,27306,40511.000000,564.140000,1,564.160000,1,564.180000,2,564.200000,1,564.240000,1,564.260000,1,564.280000,1,564.340000,6,564.360000,11,564.380000,8,564.180000
au2408,,13:39:54.500#,560.200000,565.180000,557.700000,627.760000,513.620000,27308,40511.000000,564.100000,5,564.120000,7,564.140000,4,564.160000,1,564.180000,1,564.260000,1,564.280000,1,564.320000,3,564.360000,4,564.380000,6,564.180000
au2408,,13:39:55.0#,560.200000,565.180000,557.700000,627.760000,513.620000,27308,40511.000000,564.120000,3,564.140000,1,564.160000,1,564.180000,1,564.200000,1,564.220000,1,564.260000,1,564.280000,1,564.340000,6,564.360000,5,564.180000
au2408,,13:39:55.500#,560.200000,565.180000,557.700000,627.760000,513.620000,27309,40511.000000,564.120000,3,564.140000,4,564.160000,1,564.180000,1,564.200000,1,564.260000,1,564.280000,1,564.340000,3,564.360000,13,564.380000,6,564.220000
au2408,,13:39:56.0#,560.200000,565.180000,557.700000,627.760000,513.620000,27309,40511.000000,564.120000,3,564.140000,1,564.160000,1,564.180000,1,564.200000,1,564.260000,1,564.280000,1,564.320000,3,564.360000,4,564.380000,15,564.220000
au2408,,13:39:56.500#,560.200000,565.180000,557.700000,627.760000,513.620000,27309,40511.000000,564.120000,6,564.140000,1,564.160000,1,564.180000,2,564.200000,1,564.260000,1,564.280000,1,564.340000,3,564.360000,4,564.380000,15,564.220000
au2408,,13:39:57.0#,560.200000,565.180000,557.700000,627.760000,513.620000,27310,40510.000000,564.120000,6,564.140000,1,564.160000,1,564.180000,2,564.200000,1,564.280000,1,564.340000,3,564.360000,4,564.380000,15,564.400000,4,564.260000
au2408,,13:39:57.500#,560.200000,565.180000,557.700000,627.760000,513.620000,27311,40510.000000,564.120000,6,564.140000,4,564.160000,1,564.180000,2,564.200000,1,564.360000,4,564.380000,7,564.400000,9,564.420000,3,564.460000,1,564.280000
au2408,,13:39:58.0#,560.200000,565.180000,557.700000,627.760000,513.620000,27311,40510.000000,564.140000,8,564.160000,4,564.180000,2,564.200000,1,564.220000,1,564.300000,4,564.320000,7,564.340000,5,564.360000,1,564.380000,6,564.280000
au2408,,13:39:58.500#,560.200000,565.180000,557.700000,627.760000,513.620000,27312,40509.000000,564.100000,8,564.120000,7,564.140000,7,564.160000,1,564.180000,2,564.260000,1,564.280000,2,564.300000,6,564.320000,5,564.340000,3,564.200000
au2408,,13:39:59.0#,560.200000,565.180000,557.700000,627.760000,513.620000,27312,40509.000000,564.140000,4,564.160000,1,564.180000,1,564.200000,4,564.260000,1,564.280000,1,564.300000,5,564.320000,1,564.340000,7,564.360000,11,564.200000
au2408,,13:39:59.500#,560.200000,565.180000,557.700000,627.760000,513.620000,27314,40508.000000,564.080000,3,564.120000,8,564.140000,8,564.160000,1,564.180000,1,564.260000,8,564.280000,1,564.300000,5,564.320000,1,564.340000,4,564.200000
au2408,,13:40:00.0#,560.200000,565.180000,557.700000,627.760000,513.620000,27315,40508.000000,564.120000,3,564.140000,1,564.160000,1,564.180000,1,564.200000,3,564.260000,2,564.300000,5,564.320000,1,564.340000,10,564.360000,16,564.260000
au2408,,13:40:00.500#,560.200000,565.180000,557.700000,627.760000,513.620000,27315,40508.000000,564.140000,1,564.160000,1,564.180000,1,564.200000,3,564.260000,1,564.300000,9,564.320000,1,564.340000,4,564.360000,7,564.380000,15,564.260000
au2408,,13:40:01.0#,560.200000,565.180000,557.700000,627.760000,513.620000,27316,40508.000000,564.120000,5,564.140000,11,564.160000,1,564.180000,1,564.200000,2,564.260000,4,564.280000,6,564.300000,6,564.320000,4,564.340000,1,564.260000
au2408,,13:40:01.500#,560.200000,565.180000,557.700000,627.760000,513.620000,27316,40508.000000,564.160000,4,564.180000,1,564.200000,2,564.220000,1,564.260000,1,564.280000,3,564.300000,4,564.320000,1,564.340000,7,564.360000,11,564.260000
au2408,,13:40:02.0#,560.200000,565.180000,557.700000,627.760000,513.620000,27318,40506.000000,564.120000,9,564.140000,7,564.160000,4,564.180000,1,564.200000,1,564.280000,1,564.300000,4,564.320000,1,564.340000,1,564.360000,7,564.200000
au2408,,13:40:02.500#,560.200000,565.180000,557.700000,627.760000,513.620000,27318,40506.000000,564.100000,9,564.120000,9,564.140000,4,564.160000,1,564.200000,1,564.260000,1,564.280000,1,564.300000,4,564.320000,1,564.340000,1,564.200000
au2408,,13:40:03.0#,560.200000,565.180000,557.700000,627.760000,513.620000,27318,40506.000000,564.140000,1,564.160000,4,564.200000,2,564.220000,1,564.260000,1,564.280000,1,564.300000,4,564.320000,1,564.340000,4,564.360000,7,564.200000
au2408,,13:40:03.500#,560.200000,565.180000,557.700000,627.760000,513.620000,27319,40505.000000,564.080000,3,564.120000,8,564.140000,14,564.160000,1,564.200000,2,564.280000,1,564.300000,4,564.320000,1,564.340000,1,564.360000,7,564.260000
au2408,,13:40:04.0#,560.200000,565.180000,557.700000,627.760000,513.620000,27320,40505.000000,564.120000,9,564.140000,1,564.160000,4,564.200000,1,564.220000,1,564.320000,1,564.340000,1,564.360000,7,564.380000,16,564.400000,3,564.280000
au2408,,13:40:04.500#,560.200000,565.180000,557.700000,627.760000,513.620000,27320,40505.000000,564.120000,8,564.140000,5,564.160000,7,564.200000,2,564.220000,1,564.300000,2,564.320000,1,564.340000,1,564.360000,1,564.380000,3,564.280000
au2408,,13:40:05.0#,560.200000,565.180000,557.700000,627.760000,513.620000,27321,40505.000000,564.120000,13,564.140000,4,564.160000,1,564.200000,1,564.220000,2,564.280000,1,564.300000,3,564.320000,1,564.340000,1,564.360000,4,564.280000
au2408,,13:40:05.500#,560.200000,565.180000,557.700000,627.760000,513.620000,27321,40505.000000,564.160000,1,564.200000,1,564.220000,2,564.240000,1,564.280000,1,564.300000,3,564.320000,1,564.340000,1,564.360000,7,564.380000,6,564.280000
au2408,,13:40:06.0#,560.200000,565.180000,557.700000,627.760000,513.620000,27322,40504.000000,564.140000,13,564.160000,4,564.200000,1,564.220000,1,564.240000,1,564.260000,7,564.280000,2,564.300000,3,564.320000,1,564.340000,1,564.280000
au2408,,13:40:06.500#,560.200000,565.180000,557.700000,627.760000,513.620000,27324,40505.000000,564.100000,12,564.120000,9,564.140000,4,564.160000,1,564.200000,1,564.240000,3,564.260000,1,564.280000,5,564.320000,1,564.340000,4,564.220000
au2408,,13:40:07.0#,560.200000,565.180000,557.700000,627.760000,513.620000,27326,40504.000000,564.020000,8,564.060000,7,564.080000,10,564.100000,9,564.140000,1,564.240000,8,564.260000,1,564.280000,2,564.320000,7,564.340000,7,564.200000
au2408,,13:40:07.500#,560.200000,565.180000,557.700000,627.760000,513.620000,27327,40504.000000,564.020000,11,564.040000,6,564.060000,8,564.100000,3,564.140000,1,564.220000,3,564.240000,9,564.260000,1,564.280000,2,564.300000,6,564.160000
au2408,,13:40:08.0#,560.200000,565.180000,557.700000,627.760000,513.620000,27327,40504.000000,564.020000,10,564.040000,4,564.060000,8,564.080000,3,564.140000,1,564.200000,3,564.220000,3,564.240000,8,564.260000,1,564.280000,2,564.160000
au2408,,13:40:08.500#,560.200000,565.180000,557.700000,627.760000,513.620000,27327,40504.000000,564.020000,14,564.040000,6,564.060000,5,564.080000,3,564.140000,1,564.200000,4,564.220000,2,564.240000,6,564.260000,1,564.280000,8,564.160000
au2408,,13:40:09.0#,560.200000,565.180000,557.700000,627.760000,513.620000,27327,40504.000000,564.000000,13,564.020000,14,564.040000,6,564.060000,8,564.140000,2,564.200000,4,564.220000,2,564.240000,6,564.260000,1,564.280000,11,564.160000
au2408,,13:40:09.500#,560.200000,565.180000,557.700000,627.760000,513.620000,27327,40504.000000,564.020000,14,564.040000,6,564.060000,5,564.080000,3,564.140000,2,564.200000,4,564.220000,2,564.240000,6,564.260000,1,564.280000,8,564.160000
au2408,,13:40:10.0#,560.200000,565.180000,557.700000,627.760000,513.620000,27327,40504.000000,564.000000,7,564.020000,17,564.040000,6,564.060000,8,564.140000,1,564.180000,2,564.200000,4,564.220000,2,564.240000,6,564.260000,1,564.160000
au2408,,13:40:10.500#,560.200000,565.180000,557.700000,627.760000,513.620000,27327,40504.000000,564.000000,12,564.020000,15,564.040000,3,564.060000,5,564.140000,1,564.180000,2,564.200000,4,564.220000,1,564.240000,9,564.260000,4,564.160000
au2408,,13:40:11.0#,560.200000,565.180000,557.700000,627.760000,513.620000,27327,40504.000000,564.000000,9,564.020000,12,564.040000,3,564.060000,8,564.140000,1,564.160000,2,564.200000,3,564.240000,6,564.260000,4,564.280000,20,564.160000
au2408,,13:40:11.500#,560.200000,565.180000,557.700000,627.760000,513.620000,27327,40504.000000,563.980000,6,564.000000,13,564.020000,11,564.060000,8,564.140000,1,564.160000,1,564.200000,3,564.240000,6,564.260000,4,564.280000,24,564.160000
au2408,,13:40:12.0#,560.200000,565.180000,557.700000,627.760000,513.620000,27328,40504.000000,563.980000,9,564.000000,6,564.020000,12,564.040000,6,564.060000,5,564.160000,1,564.200000,3,564.240000,6,564.260000,1,564.280000,20,564.140000
au2408,,13:40:12.500#,560.200000,565.180000,557.700000,627.760000,513.620000,27328,40504.000000,563.980000,16,564.000000,4,564.020000,8,564.060000,5,564.080000,4,564.140000,1,564.200000,3,564.240000,15,564.260000,10,564.280000,11,564.140000
au2408,,13:40:13.0#,560.200000,565.180000,557.700000,627.760000,513.620000,27328,40504.000000,563.980000,19,564.000000,4,564.020000,5,564.060000,9,564.080000,4,564.140000,2,564.200000,3,564.240000,12,564.260000,7,564.280000,14,564.140000
au2408,,13:40:13.500#,560.200000,565.180000,557.700000,627.760000,513.620000,27328,40504.000000,563.980000,16,564.000000,4,564.020000,8,564.060000,6,564.080000,4,564.140000,2,564.200000,3,564.240000,12,564.260000,10,564.280000,14,564.140000
au2408,,13:40:14.0#,560.200000,565.180000,557.700000,627.760000,513.620000,27328,40504.000000,564.000000,4,564.020000,5,564.040000,3,564.060000,6,564.080000,4,564.140000,2,564.200000,3,564.240000,12,564.260000,10,564.280000,11,564.140000
au2408,,13:40:14.500#,560.200000,565.180000,557.700000,627.760000,513.620000,27329,40504.000000,564.000000,7,564.020000,5,564.040000,3,564.060000,6,564.080000,4,564.140000,1,564.200000,3,564.240000,12,564.260000,10,564.280000,11,564.140000
au2408,,13:40:15.0#,560.200000,565.180000,557.700000,627.760000,513.620000,27329,40504.000000,564.000000,7,564.020000,8,564.060000,6,564.080000,4,564.100000,1,564.140000,1,564.200000,3,564.240000,12,564.260000,10,564.280000,11,564.140000
au2408,,13:40:15.500#,560.200000,565.180000,557.700000,627.760000,513.620000,27329,40504.000000,564.000000,10,564.020000,8,564.060000,5,564.080000,3,564.100000,1,564.140000,1,564.200000,3,564.240000,12,564.260000,8,564.280000,13,564.140000
au2408,,13:40:16.0#,560.200000,565.180000,557.700000,627.760000,513.620000,27329,40504.000000,564.000000,10,564.020000,8,564.060000,5,564.080000,3,564.100000,1,564.140000,1,564.200000,3,564.240000,12,564.260000,8,564.280000,16,564.140000
au2408,,13:40:16.500#,560.200000,565.180000,557.700000,627.760000,513.620000,27330,40503.000000,563.960000,6,563.980000,18,564.000000,10,564.020000,8,564.060000,5,564.120000,3,564.140000,1,564.200000,3,564.240000,12,564.260000,8,564.100000
au2408,,13:40:17.0#,560.200000,565.180000,557.700000,627.760000,513.620000,27330,40503.000000,564.000000,1,564.020000,8,564.060000,5,564.080000,3,564.100000,1,564.120000,4,564.140000,1,564.200000,3,564.220000,6,564.240000,18,564.100000
au2408,,13:40:17.500#,560.200000,565.180000,557.700000,627.760000,513.620000,27331,40504.000000,563.960000,18,563.980000,9,564.000000,4,564.020000,5,564.060000,5,564.100000,3,564.120000,3,564.180000,3,564.200000,3,564.220000,6,564.100000
au2408,,13:40:18.0#,560.200000,565.180000,557.700000,627.760000,513.620000,27331,40504.000000,563.960000,15,563.980000,3,564.000000,1,564.020000,5,564.060000,5,564.100000,2,564.120000,1,564.200000,9,564.220000,16,564.240000,15,564.100000
au2408,,13:40:18.500#,560.200000,565.180000,557.700000,627.760000,513.620000,27331,40504.000000,563.940000,15,563.960000,15,564.000000,4,564.020000,5,564.060000,5,564.080000,1,564.100000,1,564.120000,1,564.200000,6,564.220000,13,564.100000
au2408,,13:40:19.0#,560.200000,565.180000,557.700000,627.760000,513.620000,27332,40503.000000,563.980000,3,564.000000,1,564.020000,5,564.060000,5,564.080000,1,564.100000,1,564.120000,1,564.200000,12,564.220000,12,564.240000,16,564.080000
au2408,,13:40:19.500#,560.200000,565.180000,557.700000,627.760000,513.620000,27333,40502.000000,563.980000,9,564.000000,1,564.020000,5,564.060000,5,564.080000,1,564.120000,1,564.200000,6,564.220000,6,564.240000,22,564.260000,1,564.100000
au2408,,13:40:20.0#,560.200000,565.180000,557.700000,627.760000,513.620000,27334,40501.000000,563.980000,9,564.000000,4,564.020000,5,564.060000,5,564.080000,1,564.200000,3,564.220000,6,564.240000,20,564.260000,9,564.280000,4,564.120000
au2408,,13:40:20.500#,560.200000,565.180000,557.700000,627.760000,513.620000,27335,40501.000000,563.980000,11,564.000000,8,564.020000,8,564.060000,5,564.080000,1,564.160000,2,564.180000,7,564.200000,3,564.220000,3,564.240000,5,564.160000
au2408,,13:40:21.0#,560.200000,565.180000,557.700000,627.760000,513.620000,27335,40501.000000,563.980000,16,564.000000,7,564.020000,5,564.060000,5,564.080000,1,564.160000,2,564.180000,5,564.200000,3,564.220000,3,564.240000,14,564.160000
au2408,,13:40:21.500#,560.200000,565.180000,557.700000,627.760000,513.620000,27335,40501.000000,563.980000,16,564.000000,7,564.020000,5,564.060000,5,564.080000,1,564.160000,2,564.180000,5,564.200000,3,564.220000,3,564.240000,11,564.160000
au2408,,13:40:22.0#,560.200000,565.180000,557.700000,627.760000,513.620000,27335,40501.000000,563.980000,16,564.000000,7,564.020000,5,564.060000,5,564.080000,1,564.140000,2,564.160000,2,564.180000,5,564.200000,3,564.220000,3,564.160000
au2408,,13:40:22.500#,560.200000,565.180000,557.700000,627.760000,513.620000,27336,40501.000000,563.980000,6,564.000000,4,564.020000,5,564.060000,5,564.080000,1,564.140000,1,564.160000,2,564.180000,5,564.200000,3,564.220000,9,564.140000
au2408,,13:40:23.0#,560.200000,565.180000,557.700000,627.760000,513.620000,27337,40501.000000,563.980000,10,564.000000,7,564.020000,5,564.060000,5,564.080000,1,564.160000,2,564.180000,5,564.200000,3,564.220000,6,564.240000,8,564.140000
au2408,,13:40:23.500#,560.200000,565.180000,557.700000,627.760000,513.620000,27338,40501.000000,563.980000,10,564.000000,4,564.020000,8,564.060000,5,564.080000,1,564.160000,1,564.180000,5,564.200000,3,564.240000,11,564.260000,22,564.160000
au2408,,13:40:24.0#,560.200000,565.180000,557.700000,627.760000,513.620000,27339,40500.000000,564.000000,7,564.020000,8,564.060000,5,564.080000,1,564.100000,1,564.180000,5,564.200000,3,564.240000,8,564.260000,23,564.280000,3,564.160000
au2408,,13:40:24.500#,560.200000,565.180000,557.700000,627.760000,513.620000,27340,40500.000000,564.020000,11,564.060000,5,564.080000,1,564.100000,4,564.120000,2,564.180000,2,564.200000,3,564.240000,5,564.260000,16,564.280000,16,564.180000
au2408,,13:40:25.0#,560.200000,565.180000,557.700000,627.760000,513.620000,27340,40500.000000,564.060000,5,564.080000,1,564.100000,3,564.120000,2,564.180000,1,564.200000,3,564.240000,2,564.260000,7,564.280000,19,564.300000,9,564.180000
au2408,,13:40:25.500#,560.200000,565.180000,557.700000,627.760000,513.620000,27341,40500.000000,564.020000,11,564.040000,9,564.060000,14,564.080000,1,564.100000,3,564.200000,3,564.240000,5,564.260000,4,564.280000,4,564.300000,6,564.180000
au2408,,13:40:26.0#,560.200000,565.180000,557.700000,627.760000,513.620000,27341,40500.000000,564.040000,3,564.060000,5,564.080000,1,564.100000,3,564.120000,3,564.180000,3,564.200000,3,564.240000,5,564.260000,4,564.280000,10,564.180000
au2408,,13:40:26.500#,560.200000,565.180000,557.700000,627.760000,513.620000,27341,40500.000000,564.080000,1,564.100000,3,564.120000,3,564.140000,2,564.180000,1,564.200000,3,564.240000,2,564.260000,7,564.280000,10,564.300000,18,564.180000
au2408,,13:40:27.0#,560.200000,565.180000,557.700000,627.760000,513.620000,27342,40499.000000,564.020000,5,564.040000,12,564.060000,8,564.080000,4,564.100000,3,564.200000,3,564.240000,2,564.260000,4,564.280000,4,564.300000,6,564.180000
au2408,,13:40:27.500#,560.200000,565.180000,557.700000,627.760000,513.620000,27342,40499.000000,564.060000,5,564.080000,1,564.100000,3,564.120000,3,564.140000,2,564.180000,1,564.240000,2,564.260000,4,564.280000,10,564.300000,15,564.180000
au2408,,13:40:28.0#,560.200000,565.180000,557.700000,627.760000,513.620000,27342,40499.000000,564.060000,11,564.080000,1,564.100000,3,564.140000,2,564.180000,1,564.240000,2,564.260000,1,564.280000,10,564.300000,13,564.320000,8,564.180000
au2408,,13:40:28.500#,560.200000,565.180000,557.700000,627.760000,513.620000,27342,40499.000000,564.040000,6,564.060000,20,564.080000,7,564.100000,3,564.180000,1,564.220000,3,564.240000,2,564.260000,1,564.280000,7,564.300000,3,564.180000
au2408,,13:40:29.0#,560.200000,565.180000,557.700000,627.760000,513.620000,27343,40498.000000,564.020000,8,564.040000,11,564.060000,15,564.080000,3,564.100000,3,564.200000,2,564.220000,3,564.240000,2,564.260000,1,564.280000,7,564.180000
au2408,,13:40:29.500#,560.200000,565.180000,557.700000,627.760000,513.620000,27343,40498.000000,564.040000,3,564.060000,8,564.100000,3,564.120000,4,564.140000,4,564.200000,2,564.240000,2,564.260000,1,564.280000,10,564.300000,18,564.180000
au2408,,13:40:30.0#,560.200000,565.180000,557.700000,627.760000,513.620000,27343,40498.000000,564.060000,8,564.080000,3,564.100000,3,564.140000,3,564.160000,2,564.240000,2,564.260000,1,564.280000,1,564.300000,18,564.320000,12,564.180000
au2408,,13:40:30.500#,560.200000,565.180000,557.700000,627.760000,513.620000,27343,40498.000000,564.040000,9,564.060000,17,564.080000,6,564.100000,3,564.140000,3,564.200000,1,564.220000,3,564.240000,4,564.260000,4,564.280000,1,564.180000
au2408,,13:40:31.0#,560.200000,565.180000,557.700000,627.760000,513.620000,27343,40498.000000,564.060000,8,564.080000,3,564.100000,3,564.140000,2,564.160000,2,564.240000,4,564.260000,1,564.280000,4,564.300000,15,564.320000,12,564.180000
au2408,,13:40:31.500#,560.200000,565.180000,557.700000,627.760000,513.620000,27343,40498.000000,564.040000,8,564.060000,18,564.080000,6,564.100000,3,564.140000,2,564.240000,4,564.260000,1,564.280000,1,564.300000,6,564.320000,15,564.180000
au2408,,13:40:32.0#,560.200000,565.180000,557.700000,627.760000,513.620000,27343,40498.000000,564.040000,15,564.060000,14,564.100000,6,564.140000,2,564.160000,6,564.240000,2,564.260000,1,564.280000,1,564.300000,3,564.320000,16,564.180000
au2408,,13:40:32.500#,560.200000,565.180000,557.700000,627.760000,513.620000,27343,40498.000000,564.080000,6,564.100000,6,564.140000,2,564.160000,5,564.180000,1,564.240000,2,564.260000,1,564.280000,1,564.320000,9,564.340000,23,564.180000
au2408,,13:40:33.0#,560.200000,565.180000,557.700000,627.760000,513.620000,27344,40498.000000,564.080000,12,564.100000,6,564.160000,3,564.180000,1,564.200000,2,564.240000,1,564.260000,1,564.280000,1,564.320000,6,564.340000,17,564.240000
au2408,,13:40:33.500#,560.200000,565.180000,557.700000,627.760000,513.620000,27344,40498.000000,564.040000,6,564.060000,11,564.080000,12,564.100000,12,564.160000,3,564.240000,1,564.260000,1,564.280000,1,564.320000,3,564.340000,10,564.240000
au2408,,13:40:34.0#,560.200000,565.180000,557.700000,627.760000,513.620000,27345,40497.000000,564.100000,3,564.120000,3,564.160000,3,564.180000,3,564.200000,2,564.260000,1,564.280000,1,564.320000,3,564.340000,17,564.360000,15,564.240000
au2408,,13:40:34.500#,560.200000,565.180000,557.700000,627.760000,513.620000,27346,40497.000000,564.080000,8,564.100000,18,564.120000,3,564.160000,3,564.200000,1,564.280000,1,564.340000,4,564.360000,16,564.380000,13,564.400000,1,564.200000
au2408,,13:40:35.0#,560.200000,565.180000,557.700000,627.760000,513.620000,27346,40497.000000,564.100000,6,564.120000,9,564.160000,3,564.200000,1,564.220000,2,564.280000,1,564.340000,4,564.360000,7,564.380000,14,564.400000,6,564.200000
au2408,,13:40:35.500#,560.200000,565.180000,557.700000,627.760000,513.620000,27346,40497.000000,564.100000,8,564.120000,10,564.140000,3,564.160000,3,564.200000,1,564.280000,1,564.340000,4,564.360000,4,564.380000,10,564.400000,16,564.200000
au2408,,13:40:36.0#,560.200000,565.180000,557.700000,627.760000,513.620000,27346,40497.000000,564.060000,11,564.080000,3,564.100000,9,564.120000,9,564.160000,3,564.240000,1,564.260000,1,564.280000,3,564.340000,4,564.360000,7,564.200000
au2408,,13:40:36.500#,560.200000,565.180000,557.700000,627.760000,513.620000,27346,40497.000000,564.080000,6,564.120000,3,564.160000,3,564.180000,4,564.240000,1,564.260000,1,564.280000,3,564.320000,3,564.340000,11,564.360000,15,564.200000
au2408,,13:40:37.0#,560.200000,565.180000,557.700000,627.760000,513.620000,27347,40497.000000,564.080000,6,564.100000,5,564.120000,4,564.140000,3,564.160000,3,564.240000,2,564.260000,3,564.280000,1,564.300000,3,564.340000,7,564.220000
au2408,,13:40:37.500#,560.200000,565.180000,557.700000,627.760000,513.620000,27347,40497.000000,564.020000,8,564.040000,3,564.060000,20,564.080000,9,564.160000,3,564.220000,2,564.240000,2,564.260000,3,564.280000,1,564.300000,3,564.220000
au2408,,13:40:38.0#,560.200000,565.180000,557.700000,627.760000,513.620000,27347,40497.000000,564.020000,8,564.040000,8,564.060000,9,564.080000,3,564.160000,3,564.240000,1,564.260000,2,564.280000,1,564.300000,6,564.320000,6,564.220000
au2408,,13:40:38.500#,560.200000,565.180000,557.700000,627.760000,513.620000,27347,40497.000000,564.020000,17,564.040000,3,564.060000,11,564.080000,9,564.160000,3,564.220000,1,564.240000,3,564.280000,1,564.300000,3,564.320000,6,564.220000
au2408,,13:40:39.0#,560.200000,565.180000,557.700000,627.760000,513.620000,27347,40497.000000,564.020000,20,564.040000,2,564.060000,12,564.080000,6,564.160000,1,564.220000,1,564.240000,3,564.280000,1,564.300000,3,564.320000,15,564.220000
au2408,,13:40:39.500#,560.200000,565.180000,557.700000,627.760000,513.620000,27347,40497.000000,564.020000,17,564.040000,2,564.060000,15,564.080000,3,564.160000,1,564.220000,1,564.240000,3,564.280000,4,564.300000,3,564.320000,15,564.220000
au2408,,13:40:40.0#,560.200000,565.180000,557.700000,627.760000,513.620000,27347,40497.000000,564.020000,17,564.040000,2,564.060000,12,564.080000,6,564.160000,1,564.220000,1,564.240000,3,564.280000,1,564.300000,3,564.320000,18,564.220000
au2408,,13:40:40.500#,560.200000,565.180000,557.700000,627.760000,513.620000,27348,40497.000000,564.000000,4,564.020000,17,564.040000,2,564.060000,15,564.080000,3,564.220000,1,564.240000,3,564.280000,4,564.320000,18,564.340000,10,564.160000
au2408,,13:40:41.0#,560.200000,565.180000,557.700000,627.760000,513.620000,27348,40497.000000,564.040000,3,564.060000,8,564.100000,9,564.120000,2,564.140000,1,564.220000,2,564.240000,1,564.280000,7,564.300000,9,564.320000,3,564.160000
au2408,,13:40:41.500#,560.200000,565.180000,557.700000,627.760000,513.620000,27348,40497.000000,564.060000,11,564.080000,1,564.100000,5,564.120000,1,564.140000,1,564.200000,1,564.240000,1,564.280000,4,564.300000,6,564.320000,12,564.160000
au2408,,13:40:42.0#,560.200000,565.180000,557.700000,627.760000,513.620000,27348,40497.000000,564.040000,10,564.060000,14,564.100000,5,564.120000,1,564.140000,1,564.240000,1,564.280000,4,564.300000,6,564.320000,12,564.340000,7,564.160000
au2408,,13:40:42.500#,560.200000,565.180000,557.700000,627.760000,513.620000,27348,40497.000000,564.060000,9,564.080000,3,564.100000,5,564.120000,1,564.140000,1,564.220000,4,564.240000,1,564.280000,4,564.300000,3,564.320000,6,564.160000
au2408,,13:40:43.0#,560.200000,565.180000,557.700000,627.760000,513.620000,27348,40497.000000,564.040000,13,564.060000,14,564.100000,5,564.120000,1,564.140000,1,564.220000,2,564.240000,1,564.280000,4,564.300000,9,564.320000,12,564.160000
au2408,,13:40:43.500#,560.200000,565.180000,557.700000,627.760000,513.620000,27348,40497.000000,564.040000,13,564.060000,11,564.100000,5,564.120000,1,564.140000,1,564.220000,4,564.240000,1,564.280000,4,564.300000,9,564.320000,12,564.160000
au2408,,13:40:44.0#,560.200000,565.180000,557.700000,627.760000,513.620000,27348,40497.000000,564.060000,11,564.100000,5,564.120000,1,564.140000,1,564.160000,2,564.220000,2,564.240000,1,564.280000,4,564.300000,9,564.320000,15,564.160000
au2408,,13:40:44.500#,560.200000,565.180000,557.700000,627.760000,513.620000,27348,40497.000000,564.040000,8,564.060000,18,564.080000,3,564.100000,5,564.140000,1,564.220000,2,564.240000,1,564.280000,4,564.300000,3,564.320000,15,564.160000
au2408,,13:40:45.0#,560.200000,565.180000,557.700000,627.760000,513.620000,27348,40497.000000,564.040000,13,564.060000,11,564.100000,5,564.140000,1,564.160000,1,564.220000,1,564.240000,1,564.280000,4,564.300000,9,564.320000,12,564.160000
au2408,,13:40:45.500#,560.200000,565.180000,557.700000,627.760000,513.620000,27348,40497.000000,564.040000,8,564.060000,15,564.080000,3,564.100000,5,564.160000,3,564.220000,1,564.240000,1,564.280000,4,564.300000,3,564.320000,12,564.160000
au2408,,13:40:46.0#,560.200000,565.180000,557.700000,627.760000,513.620000,27348,40497.000000,564.040000,8,564.060000,12,564.080000,6,564.100000,5,564.160000,3,564.220000,1,564.240000,1,564.280000,1,564.300000,3,564.320000,15,564.160000
au2408,,13:40:46.500#,560.200000,565.180000,557.700000,627.760000,513.620000,27348,40497.000000,564.040000,11,564.060000,12,564.080000,6,564.100000,5,564.160000,3,564.220000,1,564.240000,1,564.280000,1,564.300000,3,564.320000,12,564.160000
au2408,,13:40:47.0#,560.200000,565.180000,557.700000,627.760000,513.620000,27348,40497.000000,564.060000,12,564.080000,3,564.100000,8,564.160000,3,564.180000,1,564.240000,1,564.280000,1,564.320000,12,564.340000,19,564.360000,1,564.160000
au2408,,13:40:47.500#,560.200000,565.180000,557.700000,627.760000,513.620000,27348,40497.000000,564.060000,10,564.080000,7,564.100000,11,564.160000,3,564.180000,1,564.240000,1,564.280000,1,564.320000,3,564.340000,13,564.360000,13,564.160000
au2408,,13:40:48.0#,560.200000,565.180000,557.700000,627.760000,513.620000,27348,40497.000000,564.060000,13,564.080000,7,564.100000,11,564.160000,3,564.180000,1,564.240000,1,564.280000,1,564.320000,3,564.340000,13,564.360000,13,564.160000
au2408,,13:40:48.500#,560.200000,565.180000,557.700000,627.760000,513.620000,27348,40497.000000,564.060000,16,564.080000,7,564.100000,11,564.160000,3,564.180000,1,564.240000,1,564.280000,1,564.320000,3,564.340000,13,564.360000,16,564.160000
au2408,,13:40:49.0#,560.200000,565.180000,557.700000,627.760000,513.620000,27348,40497.000000,564.060000,16,564.080000,7,564.100000,11,564.160000,3,564.180000,1,564.240000,1,564.280000,1,564.320000,3,564.340000,13,564.360000,16,564.160000
au2408,,13:40:49.500#,560.200000,565.180000,557.700000,627.760000,513.620000,27348,40497.000000,564.060000,16,564.080000,7,564.100000,11,564.160000,3,564.180000,1,564.240000,1,564.280000,1,564.320000,3,564.340000,13,564.360000,16,564.160000
au2408,,13:40:50.0#,560.200000,565.180000,557.700000,627.760000,513.620000,27348,40497.000000,564.060000,16,564.080000,10,564.100000,8,564.160000,2,564.180000,1,564.220000,2,564.240000,1,564.280000,1,564.300000,3,564.340000,10,564.160000
au2408,,13:40:50.500#,560.200000,565.180000,557.700000,627.760000,513.620000,27348,40497.000000,564.020000,5,564.040000,5,564.060000,24,564.080000,3,564.100000,5,564.200000,2,564.220000,5,564.240000,3,564.280000,4,564.300000,6,564.160000
au2408,,13:40:51.0#,560.200000,565.180000,557.700000,627.760000,513.620000,27348,40497.000000,564.020000,21,564.040000,6,564.060000,8,564.100000,5,564.120000,3,564.200000,2,564.220000,4,564.240000,1,564.280000,7,564.300000,21,564.160000
au2408,,13:40:51.500#,560.200000,565.180000,557.700000,627.760000,513.620000,27348,40497.000000,564.040000,6,564.060000,8,564.100000,5,564.120000,2,564.140000,3,564.200000,1,564.220000,3,564.240000,1,564.280000,7,564.300000,22,564.160000
au2408,,13:40:52.0#,560.200000,565.180000,557.700000,627.760000,513.620000,27348,40497.000000,564.060000,8,564.080000,3,564.100000,5,564.120000,1,564.140000,3,564.220000,1,564.240000,1,564.280000,1,564.300000,15,564.320000,18,564.160000
au2408,,13:40:52.500#,560.200000,565.180000,557.700000,627.760000,513.620000,27348,40497.000000,564.060000,14,564.080000,3,564.100000,5,564.120000,1,564.140000,3,564.220000,1,564.240000,1,564.280000,1,564.300000,6,564.320000,22,564.160000
au2408,,13:40:53.0#,560.200000,565.180000,557.700000,627.760000,513.620000,27348,40497.000000,564.080000,3,564.100000,5,564.120000,1,564.140000,2,564.160000,2,564.220000,1,564.240000,1,564.280000,1,564.300000,6,564.320000,22,564.160000
au2408,,13:40:53.500#,560.200000,565.180000,557.700000,627.760000,513.620000,27348,40497.000000,564.060000,15,564.080000,9,564.100000,5,564.140000,2,564.160000,2,564.220000,1,564.240000,1,564.280000,1,564.320000,18,564.340000,13,564.160000
au2408,,13:40:54.0#,560.200000,565.180000,557.700000,627.760000,513.620000,27348,40497.000000,564.060000,21,564.080000,6,564.100000,5,564.140000,2,564.160000,2,564.220000,1,564.240000,1,564.280000,1,564.300000,3,564.320000,9,564.160000
au2408,,13:40:54.500#,560.200000,565.180000,557.700000,627.760000,513.620000,27348,40497.000000,564.060000,21,564.080000,3,564.100000,8,564.140000,2,564.160000,2,564.220000,1,564.240000,1,564.280000,1,564.320000,12,564.340000,22,564.160000
au2408,,13:40:55.0#,560.200000,565.180000,557.700000,627.760000,513.620000,27348,40497.000000,564.060000,21,564.080000,6,564.100000,5,564.140000,2,564.160000,2,564.220000,1,564.240000,1,564.280000,1,564.300000,3,564.320000,6,564.160000
au2408,,13:40:55.500#,560.200000,565.180000,557.700000,627.760000,513.620000,27348,40497.000000,564.080000,6,564.100000,5,564.140000,2,564.160000,2,564.180000,1,564.220000,1,564.240000,1,564.280000,1,564.300000,3,564.320000,9,564.160000
au2408,,13:40:56.0#,560.200000,565.180000,557.700000,627.760000,513.620000,27349,40497.000000,564.080000,9,564.100000,8,564.140000,2,564.160000,1,564.180000,1,564.240000,1,564.280000,1,564.320000,9,564.340000,14,564.360000,6,564.220000
au2408,,13:40:56.500#,560.200000,565.180000,557.700000,627.760000,513.620000,27349,40497.000000,564.100000,8,564.120000,3,564.140000,2,564.180000,1,564.240000,1,564.280000,1,564.340000,13,564.360000,19,564.380000,4,564.400000,1,564.220000
au2408,,13:40:57.0#,560.200000,565.180000,557.700000,627.760000,513.620000,27350,40496.000000,564.060000,5,564.080000,3,564.100000,8,564.120000,6,564.140000,8,564.260000,2,564.280000,3,564.320000,3,564.340000,7,564.360000,1,564.240000
au2408,,13:40:57.500#,560.200000,565.180000,557.700000,627.760000,513.620000,27350,40496.000000,564.080000,6,564.100000,5,564.140000,4,564.160000,2,564.180000,2,564.240000,2,564.260000,5,564.280000,1,564.320000,6,564.340000,14,564.240000
au2408,,13:40:58.0#,560.200000,565.180000,557.700000,627.760000,513.620000,27350,40496.000000,564.060000,16,564.080000,13,564.100000,5,564.140000,2,564.180000,1,564.260000,3,564.280000,1,564.300000,3,564.340000,19,564.360000,13,564.240000
au2408,,13:40:58.500#,560.200000,565.180000,557.700000,627.760000,513.620000,27350,40496.000000,564.060000,16,564.080000,10,564.100000,5,564.140000,2,564.180000,1,564.240000,1,564.260000,3,564.280000,1,564.320000,3,564.340000,16,564.240000
au2408,,13:40:59.0#,560.200000,565.180000,557.700000,627.760000,513.620000,27350,40496.000000,564.060000,16,564.080000,10,564.100000,5,564.140000,2,564.180000,1,564.240000,3,564.260000,3,564.280000,1,564.300000,3,564.320000,3,564.240000
au2408,,13:40:59.500#,560.200000,565.180000,557.700000,627.760000,513.620000,27350,40496.000000,564.060000,20,564.080000,6,564.100000,5,564.140000,2,564.180000,1,564.240000,2,564.260000,3,564.280000,1,564.320000,9,564.340000,23,564.240000
au2408,,13:41:00.0#,560.200000,565.180000,557.700000,627.760000,513.620000,27350,40496.000000,564.060000,23,564.080000,6,564.100000,2,564.140000,2,564.180000,1,564.220000,6,564.240000,4,564.260000,3,564.280000,4,564.300000,3,564.240000
au2408,,13:41:00.500#,560.200000,565.180000,557.700000,627.760000,513.620000,27350,40496.000000,564.040000,11,564.060000,15,564.080000,6,564.100000,2,564.140000,2,564.220000,4,564.240000,1,564.260000,2,564.280000,1,564.300000,9,564.240000
au2408,,13:41:01.0#,560.200000,565.180000,557.700000,627.760000,513.620000,27350,40496.000000,564.040000,16,564.060000,8,564.080000,3,564.140000,2,564.160000,1,564.200000,1,564.220000,4,564.240000,1,564.260000,2,564.280000,1,564.240000
au2408,,13:41:01.500#,560.200000,565.180000,557.700000,627.760000,513.620000,27350,40496.000000,564.040000,9,564.060000,8,564.080000,3,564.140000,2,564.160000,1,564.240000,1,564.260000,2,564.280000,4,564.300000,12,564.320000,7,564.240000
au2408,,13:41:02.0#,560.200000,565.180000,557.700000,627.760000,513.620000,27350,40496.000000,564.040000,6,564.060000,8,564.080000,9,564.140000,2,564.160000,1,564.220000,2,564.240000,3,564.280000,1,564.300000,6,564.320000,9,564.240000
au2408,,13:41:02.500#,560.200000,565.180000,557.700000,627.760000,513.620000,27350,40496.000000,564.040000,12,564.060000,11,564.080000,3,564.140000,2,564.160000,1,564.220000,2,564.240000,3,564.280000,1,564.300000,9,564.320000,16,564.240000
au2408,,13:41:03.0#,560.200000,565.180000,557.700000,627.760000,513.620000,27350,40496.000000,564.020000,11,564.040000,12,564.060000,11,564.140000,2,564.160000,1,564.220000,2,564.240000,3,564.280000,4,564.300000,6,564.320000,13,564.240000
au2408,,13:41:03.500#,560.200000,565.180000,557.700000,627.760000,513.620000,27350,40496.000000,564.020000,14,564.040000,6,564.060000,11,564.140000,2,564.160000,1,564.220000,2,564.240000,3,564.280000,1,564.300000,12,564.320000,10,564.240000
au2408,,13:41:04.0#,560.200000,565.180000,557.700000,627.760000,513.620000,27350,40496.000000,564.020000,14,564.040000,6,564.060000,11,564.140000,2,564.160000,1,564.220000,2,564.240000,3,564.280000,4,564.300000,9,564.320000,10,564.240000
au2408,,13:41:04.500#,560.200000,565.180000,557.700000,627.760000,513.620000,27350,40496.000000,564.020000,14,564.040000,6,564.060000,14,564.140000,2,564.160000,1,564.180000,1,564.200000,1,564.220000,4,564.240000,1,564.280000,4,564.240000
au2408,,13:41:05.0#,560.200000,565.180000,557.700000,627.760000,513.620000,27351,40495.000000,563.960000,6,564.000000,4,564.020000,13,564.040000,7,564.060000,8,564.140000,2,564.160000,3,564.200000,2,564.220000,2,564.240000,1,564.160000
au2408,,13:41:05.500#,560.200000,565.180000,557.700000,627.760000,513.620000,27351,40495.000000,564.000000,1,564.020000,5,564.040000,3,564.060000,5,564.080000,4,564.160000,4,564.200000,1,564.220000,2,564.240000,11,564.260000,14,564.160000
au2408,,13:41:06.0#,560.200000,565.180000,557.700000,627.760000,513.620000,27351,40495.000000,563.980000,15,564.000000,7,564.020000,8,564.060000,5,564.080000,2,564.140000,3,564.160000,5,564.200000,1,564.240000,13,564.260000,13,564.160000
au2408,,13:41:06.500#,560.200000,565.180000,557.700000,627.760000,513.620000,27351,40495.000000,563.960000,12,563.980000,15,564.000000,1,564.020000,5,564.060000,5,564.140000,6,564.160000,5,564.200000,4,564.220000,6,564.240000,8,564.160000
au2408,,13:41:07.0#,560.200000,565.180000,557.700000,627.760000,513.620000,27351,40495.000000,563.960000,13,563.980000,9,564.000000,1,564.020000,5,564.060000,5,564.120000,4,564.140000,5,564.160000,5,564.200000,7,564.220000,3,564.160000
au2408,,13:41:07.500#,560.200000,565.180000,557.700000,627.760000,513.620000,27351,40495.000000,563.980000,6,564.000000,1,564.020000,5,564.060000,5,564.080000,1,564.120000,5,564.140000,4,564.160000,2,564.200000,7,564.220000,15,564.160000
au2408,,13:41:08.0#,560.200000,565.180000,557.700000,627.760000,513.620000,27351,40495.000000,563.980000,9,564.000000,1,564.020000,5,564.060000,5,564.080000,2,564.120000,4,564.140000,4,564.160000,2,564.200000,1,564.220000,21,564.160000
au2408,,13:41:08.500#,560.200000,565.180000,557.700000,627.760000,513.620000,27353,40495.000000,564.000000,1,564.020000,8,564.060000,5,564.080000,2,564.120000,1,564.140000,2,564.160000,2,564.200000,1,564.220000,6,564.240000,22,564.140000
au2408,,13:41:09.0#,560.200000,565.180000,557.700000,627.760000,513.620000,27355,40496.000000,564.020000,8,564.060000,5,564.080000,1,564.100000,2,564.120000,1,564.160000,2,564.200000,1,564.240000,10,564.260000,13,564.280000,6,564.140000
au2408,,13:41:09.500#,560.200000,565.180000,557.700000,627.760000,513.620000,27355,40496.000000,564.040000,3,564.060000,5,564.080000,1,564.100000,2,564.120000,1,564.200000,1,564.240000,1,564.260000,3,564.280000,19,564.300000,6,564.140000
au2408,,13:41:10.0#,560.200000,565.180000,557.700000,627.760000,513.620000,27355,40496.000000,564.060000,5,564.080000,1,564.100000,2,564.120000,1,564.140000,2,564.180000,1,564.240000,1,564.260000,3,564.280000,7,564.300000,13,564.140000
au2408,,13:41:11.0#,560.200000,565.180000,557.700000,627.760000,513.620000,27355,40496.000000,564.060000,5,564.080000,1,564.100000,2,564.120000,1,564.140000,1,564.180000,1,564.240000,1,564.260000,3,564.280000,10,564.300000,15,564.140000
au2408,,13:41:11.500#,560.200000,565.180000,557.700000,627.760000,513.620000,27355,40496.000000,564.040000,9,564.060000,8,564.080000,1,564.100000,2,564.120000,1,564.180000,1,564.240000,1,564.260000,3,564.280000,4,564.300000,13,564.140000
au2408,,13:41:12.0#,560.200000,565.180000,557.700000,627.760000,513.620000,27355,40496.000000,564.040000,9,564.060000,5,564.080000,1,564.100000,2,564.120000,1,564.180000,1,564.240000,1,564.260000,3,564.280000,7,564.300000,12,564.140000
au2408,,13:41:12.500#,560.200000,565.180000,557.700000,627.760000,513.620000,27355,40496.000000,564.040000,9,564.060000,5,564.080000,1,564.100000,2,564.120000,1,564.180000,1,564.240000,1,564.260000,3,564.280000,7,564.300000,15,564.140000
au2408,,13:41:13.0#,560.200000,565.180000,557.700000,627.760000,513.620000,27355,40496.000000,564.040000,6,564.060000,8,564.080000,1,564.100000,2,564.120000,1,564.240000,1,564.280000,7,564.300000,18,564.320000,6,564.340000,1,564.140000
au2408,,13:41:13.500#,560.200000,565.180000,557.700000,627.760000,513.620000,27355,40496.000000,564.040000,9,564.060000,11,564.080000,1,564.100000,2,564.120000,1,564.200000,1,564.220000,10,564.240000,1,564.280000,7,564.300000,6,564.140000
au2408,,13:41:14.0#,560.200000,565.180000,557.700000,627.760000,513.620000,27355,40496.000000,564.060000,8,564.080000,1,564.100000,2,564.120000,1,564.140000,2,564.200000,1,564.220000,7,564.240000,1,564.280000,10,564.300000,13,564.140000
au2408,,13:41:14.500#,560.200000,565.180000,557.700000,627.760000,513.620000,27355,40496.000000,564.040000,10,564.060000,14,564.080000,1,564.100000,2,564.120000,1,564.200000,1,564.220000,6,564.240000,1,564.280000,7,564.300000,12,564.140000
au2408,,13:41:15.0#,560.200000,565.180000,557.700000,627.760000,513.620000,27355,40496.000000,564.040000,12,564.060000,5,564.080000,1,564.100000,2,564.120000,1,564.200000,1,564.220000,6,564.240000,1,564.260000,3,564.280000,7,564.140000
au2408,,13:41:15.500#,560.200000,565.180000,557.700000,627.760000,513.620000,27355,40496.000000,564.040000,12,564.060000,5,564.080000,1,564.100000,2,564.120000,1,564.200000,1,564.220000,6,564.240000,1,564.260000,3,564.280000,10,564.140000
au2408,,13:41:16.0#,560.200000,565.180000,557.700000,627.760000,513.620000,27355,40496.000000,564.040000,12,564.060000,5,564.080000,1,564.100000,2,564.120000,1,564.200000,3,564.220000,4,564.240000,1,564.260000,3,564.280000,13,564.140000
au2408,,13:41:16.500#,560.200000,565.180000,557.700000,627.760000,513.620000,27355,40496.000000,564.040000,9,564.060000,5,564.080000,1,564.100000,2,564.120000,1,564.200000,3,564.220000,4,564.240000,1,564.260000,3,564.280000,16,564.140000
au2408,,13:41:17.0#,560.200000,565.180000,557.700000,627.760000,513.620000,27355,40496.000000,564.040000,9,564.060000,5,564.080000,1,564.100000,2,564.120000,1,564.200000,3,564.220000,4,564.240000,1,564.260000,3,564.280000,16,564.140000
au2408,,13:41:17.500#,560.200000,565.180000,557.700000,627.760000,513.620000,27355,40496.000000,564.040000,9,564.060000,5,564.080000,1,564.100000,2,564.120000,1,564.180000,2,564.200000,3,564.220000,4,564.240000,1,564.260000,6,564.140000
au2408,,13:41:18.0#,560.200000,565.180000,557.700000,627.760000,513.620000,27355,40496.000000,564.040000,3,564.060000,5,564.080000,1,564.100000,2,564.120000,1,564.160000,2,564.180000,1,564.200000,2,564.240000,4,564.260000,9,564.140000
au2408,,13:41:18.500#,560.200000,565.180000,557.700000,627.760000,513.620000,27356,40495.000000,564.020000,8,564.040000,3,564.060000,8,564.080000,1,564.100000,2,564.200000,1,564.240000,1,564.260000,9,564.280000,19,564.300000,3,564.200000
au2408,,13:41:19.0#,560.200000,565.180000,557.700000,627.760000,513.620000,27356,40495.000000,564.020000,21,564.040000,3,564.060000,5,564.080000,1,564.100000,2,564.160000,1,564.180000,5,564.200000,1,564.240000,7,564.280000,13,564.200000
au2408,,13:41:19.500#,560.200000,565.180000,557.700000,627.760000,513.620000,27356,40495.000000,564.020000,14,564.040000,3,564.060000,5,564.080000,1,564.100000,2,564.160000,1,564.180000,3,564.200000,1,564.240000,1,564.260000,15,564.200000
au2408,,13:41:20.0#,560.200000,565.180000,557.700000,627.760000,513.620000,27356,40495.000000,564.000000,14,564.020000,14,564.060000,5,564.080000,1,564.100000,2,564.160000,1,564.180000,2,564.200000,1,564.240000,4,564.260000,15,564.200000
au2408,,13:41:20.500#,560.200000,565.180000,557.700000,627.760000,513.620000,27356,40495.000000,564.000000,17,564.020000,11,564.060000,5,564.080000,1,564.100000,2,564.160000,1,564.180000,2,564.240000,4,564.260000,9,564.280000,19,564.200000
au2408,,13:41:21.0#,560.200000,565.180000,557.700000,627.760000,513.620000,27356,40495.000000,564.020000,8,564.040000,3,564.060000,5,564.080000,1,564.100000,2,564.160000,1,564.180000,2,564.240000,1,564.260000,9,564.280000,19,564.200000
au2408,,13:41:21.500#,560.200000,565.180000,557.700000,627.760000,513.620000,27356,40495.000000,564.020000,11,564.040000,3,564.060000,5,564.080000,1,564.100000,2,564.160000,1,564.180000,2,564.240000,1,564.260000,9,564.280000,19,564.200000
au2408,,13:41:22.0#,560.200000,565.180000,557.700000,627.760000,513.620000,27356,40495.000000,564.020000,11,564.040000,3,564.060000,5,564.080000,1,564.100000,2,564.180000,2,564.240000,1,564.260000,12,564.280000,19,564.300000,3,564.200000
au2408,,13:41:22.500#,560.200000,565.180000,557.700000,627.760000,513.620000,27356,40495.000000,564.000000,16,564.020000,17,564.060000,5,564.080000,1,564.100000,2,564.160000,1,564.180000,2,564.240000,1,564.260000,9,564.280000,17,564.200000
au2408,,13:41:23.0#,560.200000,565.180000,557.700000,627.760000,513.620000,27356,40495.000000,564.000000,14,564.020000,14,564.060000,5,564.080000,1,564.100000,2,564.160000,1,564.180000,2,564.240000,1,564.260000,12,564.280000,19,564.200000
au2408,,13:41:23.500#,560.200000,565.180000,557.700000,627.760000,513.620000,27356,40495.000000,564.000000,17,564.020000,11,564.060000,5,564.080000,1,564.100000,2,564.160000,1,564.180000,2,564.240000,4,564.260000,9,564.280000,19,564.200000
au2408,,13:41:24.0#,560.200000,565.180000,557.700000,627.760000,513.620000,27356,40495.000000,564.000000,17,564.020000,11,564.060000,5,564.080000,1,564.100000,2,564.160000,1,564.180000,2,564.240000,4,564.260000,9,564.280000,19,564.200000
au2408,,13:41:24.500#,560.200000,565.180000,557.700000,627.760000,513.620000,27356,40495.000000,564.000000,17,564.020000,11,564.060000,5,564.080000,1,564.100000,2,564.160000,1,564.180000,2,564.240000,4,564.260000,9,564.280000,19,564.200000
au2408,,13:41:25.0#,560.200000,565.180000,557.700000,627.760000,513.620000,27356,40495.000000,564.000000,17,564.020000,11,564.060000,5,564.080000,1,564.100000,2,564.160000,1,564.180000,2,564.240000,4,564.260000,9,564.280000,19,564.200000
au2408,,13:41:25.500#,560.200000,565.180000,557.700000,627.760000,513.620000,27356,40495.000000,564.000000,17,564.020000,11,564.060000,5,564.080000,1,564.100000,2,564.160000,1,564.180000,2,564.240000,4,564.260000,9,564.280000,19,564.200000
au2408,,13:41:26.0#,560.200000,565.180000,557.700000,627.760000,513.620000,27356,40495.000000,564.000000,17,564.020000,11,564.060000,5,564.080000,1,564.100000,2,564.160000,1,564.180000,2,564.240000,4,564.260000,9,564.280000,19,564.200000
au2408,,13:41:26.500#,560.200000,565.180000,557.700000,627.760000,513.620000,27356,40495.000000,563.980000,8,564.000000,20,564.020000,8,564.060000,5,564.080000,1,564.160000,1,564.180000,2,564.220000,3,564.240000,1,564.260000,9,564.200000
au2408,,13:41:27.0#,560.200000,565.180000,557.700000,627.760000,513.620000,27356,40495.000000,564.000000,10,564.020000,8,564.060000,5,564.080000,1,564.100000,2,564.160000,1,564.180000,2,564.240000,7,564.260000,13,564.280000,12,564.200000
au2408,,13:41:27.500#,560.200000,565.180000,557.700000,627.760000,513.620000,27356,40495.000000,563.980000,11,564.000000,17,564.020000,8,564.060000,5,564.080000,1,564.160000,1,564.180000,2,564.220000,3,564.240000,1,564.260000,9,564.200000
au2408,,13:41:28.0#,560.200000,565.180000,557.700000,627.760000,513.620000,27356,40495.000000,563.980000,15,564.000000,10,564.020000,8,564.060000,5,564.080000,1,564.160000,1,564.180000,2,564.240000,7,564.260000,13,564.280000,12,564.200000
au2408,,13:41:28.500#,560.200000,565.180000,557.700000,627.760000,513.620000,27358,40497.000000,563.980000,15,564.000000,7,564.020000,8,564.060000,5,564.080000,1,564.160000,1,564.180000,2,564.240000,7,564.260000,7,564.280000,15,564.100000
au2408,,13:41:29.0#,560.200000,565.180000,557.700000,627.760000,513.620000,27358,40497.000000,563.980000,15,564.000000,10,564.020000,5,564.060000,5,564.080000,1,564.140000,2,564.160000,1,564.180000,2,564.240000,7,564.260000,7,564.100000
au2408,,13:41:29.500#,560.200000,565.180000,557.700000,627.760000,513.620000,27358,40497.000000,563.980000,18,564.000000,4,564.020000,5,564.060000,5,564.080000,1,564.140000,2,564.180000,1,564.220000,3,564.240000,11,564.260000,11,564.100000
au2408,,13:41:30.0#,560.200000,565.180000,557.700000,627.760000,513.620000,27358,40497.000000,563.980000,15,564.000000,4,564.020000,5,564.060000,5,564.080000,1,564.140000,2,564.180000,1,564.220000,6,564.240000,11,564.260000,11,564.100000
au2408,,13:41:30.500#,560.200000,565.180000,557.700000,627.760000,513.620000,27358,40497.000000,563.980000,15,564.000000,4,564.020000,5,564.060000,5,564.080000,1,564.140000,2,564.180000,1,564.220000,6,564.240000,11,564.260000,14,564.100000
au2408,,13:41:31.0#,560.200000,565.180000,557.700000,627.760000,513.620000,27358,40497.000000,563.980000,15,564.000000,4,564.020000,5,564.060000,5,564.080000,1,564.120000,1,564.140000,2,564.180000,1,564.220000,6,564.240000,11,564.100000
au2408,,13:41:31.500#,560.200000,565.180000,557.700000,627.760000,513.620000,27358,40497.000000,563.980000,12,564.000000,4,564.020000,5,564.060000,5,564.080000,1,564.120000,1,564.140000,2,564.180000,1,564.220000,6,564.240000,17,564.100000
au2408,,13:41:32.0#,560.200000,565.180000,557.700000,627.760000,513.620000,27358,40497.000000,564.000000,1,564.020000,8,564.060000,5,564.080000,1,564.120000,1,564.180000,1,564.220000,3,564.240000,17,564.260000,14,564.280000,1,564.100000
au2408,,13:41:32.500#,560.200000,565.180000,557.700000,627.760000,513.620000,27359,40496.000000,564.000000,6,564.020000,12,564.040000,3,564.060000,5,564.080000,1,564.140000,7,564.160000,5,564.180000,3,564.200000,3,564.240000,4,564.120000
au2408,,13:41:33.0#,560.200000,565.180000,557.700000,627.760000,513.620000,27359,40496.000000,563.980000,12,564.000000,7,564.020000,5,564.060000,5,564.080000,1,564.120000,1,564.140000,6,564.160000,3,564.180000,4,564.220000,6,564.120000
au2408,,13:41:33.500#,560.200000,565.180000,557.700000,627.760000,513.620000,27359,40496.000000,563.980000,9,564.000000,4,564.020000,5,564.060000,5,564.080000,1,564.140000,1,564.160000,3,564.180000,4,564.220000,9,564.240000,17,564.120000
au2408,,13:41:34.0#,560.200000,565.180000,557.700000,627.760000,513.620000,27359,40496.000000,563.980000,10,564.000000,7,564.020000,5,564.060000,5,564.080000,1,564.120000,1,564.140000,1,564.160000,3,564.180000,4,564.220000,3,564.120000
au2408,,13:41:34.500#,560.200000,565.180000,557.700000,627.760000,513.620000,27359,40496.000000,563.980000,9,564.000000,4,564.020000,5,564.060000,5,564.080000,1,564.140000,1,564.160000,3,564.180000,4,564.220000,9,564.240000,11,564.120000
au2408,,13:41:35.0#,560.200000,565.180000,557.700000,627.760000,513.620000,27359,40496.000000,563.960000,14,563.980000,10,564.000000,7,564.020000,5,564.060000,5,564.120000,3,564.140000,1,564.160000,3,564.180000,4,564.220000,3,564.120000
au2408,,13:41:35.500#,560.200000,565.180000,557.700000,627.760000,513.620000,27359,40496.000000,563.960000,13,563.980000,3,564.000000,4,564.020000,5,564.060000,5,564.120000,3,564.140000,1,564.180000,4,564.220000,15,564.240000,19,564.120000
au2408,,13:41:36.0#,560.200000,565.180000,557.700000,627.760000,513.620000,27363,40492.000000,563.960000,19,563.980000,3,564.000000,1,564.020000,5,564.060000,1,564.100000,6,564.120000,5,564.140000,1,564.180000,5,564.200000,6,564.060000
au2408,,13:41:36.500#,560.200000,565.180000,557.700000,627.760000,513.620000,27364,40491.000000,563.920000,6,563.940000,15,563.960000,7,564.000000,1,564.020000,5,564.060000,1,564.080000,6,564.100000,5,564.120000,5,564.160000,3,564.060000
au2408,,13:41:37.0#,560.200000,565.180000,557.700000,627.760000,513.620000,27364,40491.000000,563.900000,17,563.920000,10,563.940000,3,564.000000,1,564.020000,5,564.060000,1,564.080000,5,564.100000,2,564.120000,4,564.140000,1,564.060000
au2408,,13:41:37.500#,560.200000,565.180000,557.700000,627.760000,513.620000,27367,40488.000000,563.880000,11,563.900000,11,563.920000,10,564.000000,1,564.020000,2,564.040000,3,564.080000,4,564.100000,2,564.120000,4,564.140000,7,564.020000
au2408,,13:41:38.0#,560.200000,565.180000,557.700000,627.760000,513.620000,27368,40488.000000,563.900000,8,563.920000,1,563.940000,3,564.000000,1,564.020000,2,564.080000,3,564.100000,2,564.120000,4,564.140000,6,564.160000,19,564.040000
au2408,,13:41:38.500#,560.200000,565.180000,557.700000,627.760000,513.620000,27369,40487.000000,563.920000,7,563.960000,3,564.000000,1,564.020000,2,564.040000,1,564.080000,2,564.100000,2,564.120000,4,564.160000,6,564.180000,17,564.080000
au2408,,13:41:39.0#,560.200000,565.180000,557.700000,627.760000,513.620000,27370,40486.000000,563.920000,14,563.940000,3,563.960000,3,564.000000,1,564.020000,2,564.080000,1,564.100000,2,564.120000,2,564.180000,16,564.200000,12,564.040000
au2408,,13:41:39.500#,560.200000,565.180000,557.700000,627.760000,513.620000,27370,40486.000000,563.940000,3,563.980000,3,564.000000,1,564.020000,2,564.040000,2,564.080000,1,564.100000,2,564.120000,2,564.180000,7,564.200000,18,564.040000
au2408,,13:41:40.0#,560.200000,565.180000,557.700000,627.760000,513.620000,27370,40486.000000,563.940000,6,563.980000,3,564.000000,1,564.020000,2,564.040000,2,564.100000,2,564.120000,2,564.180000,1,564.200000,16,564.220000,8,564.040000
au2408,,13:41:40.500#,560.200000,565.180000,557.700000,627.760000,513.620000,27370,40486.000000,563.960000,6,564.000000,4,564.020000,2,564.040000,2,564.100000,1,564.120000,2,564.180000,1,564.200000,6,564.220000,12,564.240000,10,564.040000
au2408,,13:41:41.0#,560.200000,565.180000,557.700000,627.760000,513.620000,27371,40485.000000,563.960000,12,563.980000,9,564.000000,1,564.020000,2,564.040000,1,564.140000,2,564.180000,1,564.200000,3,564.220000,3,564.240000,14,564.100000
au2408,,13:41:41.500#,560.200000,565.180000,557.700000,627.760000,513.620000,27371,40485.000000,563.960000,12,563.980000,3,564.000000,1,564.020000,2,564.040000,1,564.100000,1,564.120000,2,564.140000,2,564.180000,1,564.200000,6,564.100000
au2408,,13:41:42.0#,560.200000,565.180000,557.700000,627.760000,513.620000,27371,40485.000000,563.980000,3,564.000000,1,564.020000,2,564.040000,1,564.060000,1,564.140000,2,564.180000,1,564.200000,12,564.220000,9,564.240000,7,564.100000
au2408,,13:41:42.500#,560.200000,565.180000,557.700000,627.760000,513.620000,27371,40485.000000,563.980000,6,564.000000,1,564.020000,2,564.040000,1,564.060000,1,564.140000,2,564.180000,1,564.200000,3,564.220000,3,564.240000,13,564.100000
au2408,,13:41:43.0#,560.200000,565.180000,557.700000,627.760000,513.620000,27372,40484.000000,563.960000,16,563.980000,3,564.000000,1,564.020000,2,564.040000,1,564.100000,1,564.120000,4,564.140000,2,564.180000,4,564.220000,6,564.060000
au2408,,13:41:43.500#,560.200000,565.180000,557.700000,627.760000,513.620000,27372,40484.000000,563.940000,17,563.960000,10,564.000000,4,564.020000,2,564.040000,1,564.180000,1,564.200000,9,564.220000,12,564.240000,7,564.260000,6,564.060000
au2408,,13:41:44.0#,560.200000,565.180000,557.700000,627.760000,513.620000,27372,40484.000000,563.980000,4,564.000000,7,564.020000,2,564.040000,1,564.060000,2,564.140000,1,564.160000,11,564.180000,3,564.220000,3,564.240000,7,564.060000
au2408,,13:41:44.500#,560.200000,565.180000,557.700000,627.760000,513.620000,27372,40484.000000,564.000000,4,564.020000,2,564.040000,1,564.060000,2,564.080000,1,564.140000,1,564.160000,8,564.220000,6,564.240000,11,564.260000,11,564.060000
au2408,,13:41:45.0#,560.200000,565.180000,557.700000,627.760000,513.620000,27372,40484.000000,564.020000,5,564.040000,1,564.060000,1,564.080000,1,564.140000,1,564.160000,5,564.240000,7,564.260000,12,564.280000,7,564.320000,1,564.060000
au2408,,13:41:45.500#,560.200000,565.180000,557.700000,627.760000,513.620000,27374,40484.000000,564.000000,10,564.020000,8,564.040000,4,564.060000,1,564.080000,1,564.160000,2,564.240000,1,564.260000,3,564.280000,17,564.300000,2,564.140000
au2408,,13:41:46.0#,560.200000,565.180000,557.700000,627.760000,513.620000,27374,40484.000000,564.020000,5,564.040000,1,564.060000,1,564.080000,1,564.100000,1,564.220000,2,564.240000,10,564.260000,6,564.280000,4,564.300000,6,564.140000
au2408,,13:41:46.500#,560.200000,565.180000,557.700000,627.760000,513.620000,27374,40484.000000,564.020000,12,564.040000,4,564.060000,1,564.080000,1,564.100000,1,564.200000,6,564.220000,4,564.240000,1,564.260000,3,564.280000,7,564.140000
au2408,,13:41:47.0#,560.200000,565.180000,557.700000,627.760000,513.620000,27375,40484.000000,564.020000,14,564.040000,1,564.060000,1,564.080000,1,564.100000,1,564.180000,5,564.200000,6,564.220000,5,564.240000,4,564.260000,3,564.180000
au2408,,13:41:47.500#,560.200000,565.180000,557.700000,627.760000,513.620000,27375,40484.000000,564.040000,1,564.060000,4,564.080000,1,564.100000,1,564.120000,1,564.180000,2,564.200000,5,564.220000,5,564.240000,1,564.260000,9,564.180000
au2408,,13:41:48.0#,560.200000,565.180000,557.700000,627.760000,513.620000,27375,40484.000000,564.000000,10,564.020000,8,564.040000,9,564.060000,1,564.080000,1,564.180000,2,564.200000,5,564.220000,5,564.240000,4,564.260000,3,564.180000
au2408,,13:41:48.500#,560.200000,565.180000,557.700000,627.760000,513.620000,27375,40484.000000,564.020000,5,564.040000,6,564.060000,1,564.080000,1,564.100000,1,564.160000,1,564.180000,2,564.200000,5,564.220000,5,564.240000,7,564.180000
au2408,,13:41:49.0#,560.200000,565.180000,557.700000,627.760000,513.620000,27375,40484.000000,564.020000,11,564.040000,6,564.060000,1,564.080000,1,564.100000,1,564.180000,2,564.200000,3,564.220000,5,564.240000,7,564.260000,9,564.180000
au2408,,13:41:49.500#,560.200000,565.180000,557.700000,627.760000,513.620000,27375,40484.000000,564.020000,8,564.040000,9,564.060000,1,564.080000,1,564.100000,1,564.160000,2,564.180000,2,564.200000,3,564.220000,5,564.240000,1,564.180000
au2408,,13:41:50.0#,560.200000,565.180000,557.700000,627.760000,513.620000,27376,40484.000000,564.000000,10,564.020000,5,564.040000,6,564.060000,1,564.080000,1,564.140000,3,564.160000,3,564.180000,2,564.220000,6,564.240000,7,564.100000
au2408,,13:41:50.500#,560.200000,565.180000,557.700000,627.760000,513.620000,27376,40484.000000,564.000000,4,564.020000,2,564.040000,9,564.060000,1,564.080000,1,564.160000,2,564.180000,2,564.220000,6,564.240000,8,564.260000,8,564.100000
au2408,,13:41:51.0#,560.200000,565.180000,557.700000,627.760000,513.620000,27376,40484.000000,564.000000,10,564.020000,2,564.040000,6,564.060000,1,564.080000,1,564.140000,3,564.180000,2,564.220000,6,564.240000,4,564.260000,18,564.100000
au2408,,13:41:51.500#,560.200000,565.180000,557.700000,627.760000,513.620000,27376,40484.000000,564.000000,7,564.020000,2,564.040000,6,564.060000,1,564.080000,1,564.140000,3,564.180000,2,564.200000,1,564.220000,9,564.240000,5,564.100000
au2408,,13:41:52.0#,560.200000,565.180000,557.700000,627.760000,513.620000,27376,40484.000000,564.000000,7,564.020000,2,564.040000,6,564.060000,1,564.080000,1,564.140000,3,564.180000,2,564.200000,1,564.220000,9,564.240000,14,564.100000
au2408,,13:41:52.500#,560.200000,565.180000,557.700000,627.760000,513.620000,27376,40484.000000,564.000000,7,564.020000,2,564.040000,6,564.060000,1,564.080000,1,564.180000,2,564.220000,9,564.240000,14,564.260000,14,564.280000,1,564.100000
au2408,,13:41:53.0#,560.200000,565.180000,557.700000,627.760000,513.620000,27376,40484.000000,564.000000,13,564.020000,2,564.040000,6,564.060000,1,564.080000,1,564.160000,3,564.180000,4,564.220000,4,564.240000,4,564.260000,19,564.100000
au2408,,13:41:53.500#,560.200000,565.180000,557.700000,627.760000,513.620000,27376,40484.000000,564.000000,10,564.020000,2,564.040000,6,564.060000,1,564.080000,1,564.140000,2,564.160000,3,564.180000,4,564.220000,4,564.240000,7,564.100000
au2408,,13:41:54.0#,560.200000,565.180000,557.700000,627.760000,513.620000,27376,40484.000000,564.000000,7,564.020000,2,564.040000,6,564.060000,1,564.080000,1,564.140000,2,564.160000,2,564.180000,4,564.220000,7,564.240000,14,564.100000
au2408,,13:41:54.500#,560.200000,565.180000,557.700000,627.760000,513.620000,27376,40484.000000,564.000000,7,564.020000,2,564.040000,6,564.060000,1,564.080000,1,564.140000,2,564.160000,2,564.180000,4,564.220000,7,564.240000,14,564.100000
au2408,,13:41:55.0#,560.200000,565.180000,557.700000,627.760000,513.620000,27376,40484.000000,564.000000,7,564.020000,2,564.040000,6,564.060000,1,564.080000,1,564.160000,2,564.180000,2,564.220000,7,564.240000,14,564.260000,14,564.100000
au2408,,13:41:55.500#,560.200000,565.180000,557.700000,627.760000,513.620000,27376,40484.000000,564.000000,10,564.020000,2,564.040000,6,564.060000,1,564.080000,1,564.160000,2,564.180000,2,564.220000,4,564.240000,7,564.260000,21,564.100000
au2408,,13:41:56.0#,560.200000,565.180000,557.700000,627.760000,513.620000,27376,40484.000000,564.000000,10,564.020000,2,564.040000,6,564.060000,1,564.080000,1,564.140000,2,564.160000,2,564.180000,2,564.220000,4,564.240000,7,564.100000
au2408,,13:41:56.500#,560.200000,565.180000,557.700000,627.760000,513.620000,27376,40484.000000,564.000000,7,564.020000,2,564.040000,6,564.060000,2,564.080000,1,564.140000,2,564.160000,2,564.180000,2,564.220000,7,564.240000,11,564.100000
au2408,,13:41:57.0#,560.200000,565.180000,557.700000,627.760000,513.620000,27376,40484.000000,563.980000,9,564.000000,7,564.020000,2,564.040000,6,564.060000,2,564.140000,2,564.160000,2,564.180000,2,564.220000,7,564.240000,14,564.100000
au2408,,13:41:57.500#,560.200000,565.180000,557.700000,627.760000,513.620000,27376,40484.000000,563.980000,9,564.000000,4,564.020000,2,564.040000,6,564.060000,2,564.140000,2,564.160000,2,564.180000,2,564.220000,7,564.240000,14,564.100000
au2408,,13:41:58.0#,560.200000,565.180000,557.700000,627.760000,513.620000,27376,40484.000000,563.980000,9,564.000000,4,564.020000,2,564.040000,6,564.060000,2,564.140000,2,564.160000,2,564.180000,2,564.220000,7,564.240000,14,564.100000
au2408,,13:41:58.500#,560.200000,565.180000,557.700000,627.760000,513.620000,27376,40484.000000,563.980000,9,564.000000,4,564.020000,2,564.040000,6,564.060000,2,564.140000,3,564.160000,2,564.180000,2,564.220000,7,564.240000,14,564.100000
au2408,,13:41:59.0#,560.200000,565.180000,557.700000,627.760000,513.620000,27377,40483.000000,564.000000,1,564.020000,5,564.040000,6,564.060000,2,564.080000,3,564.160000,2,564.180000,2,564.220000,7,564.240000,16,564.260000,12,564.140000
au2408,,13:41:59.500#,560.200000,565.180000,557.700000,627.760000,513.620000,27377,40483.000000,564.000000,13,564.020000,2,564.040000,6,564.060000,2,564.080000,2,564.160000,2,564.180000,2,564.220000,4,564.240000,4,564.260000,22,564.140000
au2408,,13:42:00.0#,560.200000,565.180000,557.700000,627.760000,513.620000,27377,40483.000000,564.000000,10,564.020000,5,564.040000,6,564.060000,2,564.080000,2,564.160000,2,564.180000,2,564.220000,1,564.240000,7,564.260000,19,564.140000
au2408,,13:42:00.500#,560.200000,565.180000,557.700000,627.760000,513.620000,27377,40483.000000,564.000000,10,564.020000,5,564.040000,6,564.060000,2,564.080000,2,564.180000,2,564.220000,1,564.240000,7,564.260000,16,564.280000,12,564.140000
au2408,,13:42:01.0#,560.200000,565.180000,557.700000,627.760000,513.620000,27377,40483.000000,564.000000,14,564.020000,8,564.040000,6,564.060000,2,564.080000,2,564.160000,3,564.180000,2,564.220000,1,564.240000,4,564.260000,6,564.140000
au2408,,13:42:01.500#,560.200000,565.180000,557.700000,627.760000,513.620000,27377,40483.000000,564.000000,10,564.020000,5,564.040000,6,564.060000,2,564.080000,2,564.180000,2,564.220000,1,564.240000,10,564.260000,12,564.280000,13,564.140000
au2408,,13:42:02.0#,560.200000,565.180000,557.700000,627.760000,513.620000,27377,40483.000000,564.020000,8,564.040000,6,564.060000,2,564.080000,2,564.100000,1,564.180000,2,564.220000,1,564.240000,4,564.260000,6,564.280000,22,564.140000
au2408,,13:42:02.500#,560.200000,565.180000,557.700000,627.760000,513.620000,27377,40483.000000,564.000000,17,564.020000,11,564.040000,6,564.060000,2,564.100000,1,564.180000,2,564.220000,1,564.240000,4,564.260000,6,564.280000,22,564.140000
au2408,,13:42:03.0#,560.200000,565.180000,557.700000,627.760000,513.620000,27377,40483.000000,563.980000,8,564.000000,17,564.020000,8,564.040000,6,564.060000,2,564.180000,2,564.220000,1,564.240000,4,564.260000,6,564.280000,22,564.140000
au2408,,13:42:03.500#,560.200000,565.180000,557.700000,627.760000,513.620000,27377,40483.000000,564.000000,13,564.020000,5,564.040000,6,564.060000,2,564.080000,4,564.180000,2,564.220000,1,564.240000,7,564.260000,7,564.280000,18,564.140000
au2408,,13:42:04.0#,560.200000,565.180000,557.700000,627.760000,513.620000,27377,40483.000000,564.000000,17,564.020000,8,564.040000,6,564.060000,2,564.080000,4,564.180000,2,564.220000,1,564.240000,4,564.260000,6,564.280000,22,564.140000
au2408,,13:42:04.500#,560.200000,565.180000,557.700000,627.760000,513.620000,27377,40483.000000,564.000000,17,564.020000,8,564.040000,6,564.060000,2,564.080000,4,564.180000,2,564.220000,1,564.240000,4,564.260000,6,564.280000,22,564.140000
au2408,,13:42:05.0#,560.200000,565.180000,557.700000,627.760000,513.620000,27377,40483.000000,564.000000,17,564.020000,8,564.040000,6,564.060000,2,564.080000,4,564.180000,2,564.220000,1,564.240000,4,564.260000,6,564.280000,22,564.140000
au2408,,13:42:05.500#,560.200000,565.180000,557.700000,627.760000,513.620000,27377,40483.000000,564.000000,17,564.020000,8,564.040000,6,564.060000,2,564.080000,4,564.160000,2,564.180000,2,564.220000,1,564.240000,4,564.260000,6,564.140000
au2408,,13:42:06.0#,560.200000,565.180000,557.700000,627.760000,513.620000,27377,40483.000000,564.000000,13,564.020000,5,564.040000,6,564.060000,2,564.080000,4,564.160000,2,564.180000,2,564.220000,1,564.240000,7,564.260000,10,564.140000
au2408,,13:42:06.500#,560.200000,565.180000,557.700000,627.760000,513.620000,27377,40483.000000,564.000000,16,564.020000,2,564.040000,6,564.060000,2,564.080000,4,564.160000,2,564.180000,2,564.220000,1,564.240000,7,564.260000,16,564.140000
au2408,,13:42:07.0#,560.200000,565.180000,557.700000,627.760000,513.620000,27377,40483.000000,564.000000,16,564.020000,2,564.040000,6,564.060000,2,564.080000,3,564.140000,1,564.160000,2,564.180000,2,564.220000,4,564.240000,4,564.140000
au2408,,13:42:07.500#,560.200000,565.180000,557.700000,627.760000,513.620000,27377,40483.000000,564.000000,10,564.020000,2,564.040000,6,564.060000,2,564.080000,2,564.140000,1,564.160000,2,564.180000,2,564.220000,4,564.240000,10,564.140000
au2408,,13:42:08.0#,560.200000,565.180000,557.700000,627.760000,513.620000,27377,40483.000000,564.000000,10,564.020000,2,564.040000,6,564.060000,2,564.080000,2,564.140000,1,564.160000,2,564.180000,2,564.220000,4,564.240000,10,564.140000
au2408,,13:42:08.500#,560.200000,565.180000,557.700000,627.760000,513.620000,27377,40483.000000,564.000000,10,564.020000,2,564.040000,6,564.060000,2,564.080000,2,564.140000,1,564.160000,2,564.180000,2,564.220000,4,564.240000,10,564.140000
au2408,,13:42:09.0#,560.200000,565.180000,557.700000,627.760000,513.620000,27377,40483.000000,564.000000,10,564.020000,2,564.040000,6,564.060000,2,564.080000,2,564.140000,1,564.160000,2,564.180000,2,564.220000,4,564.240000,10,564.140000
au2408,,13:42:09.500#,560.200000,565.180000,557.700000,627.760000,513.620000,27377,40483.000000,564.000000,10,564.020000,2,564.040000,6,564.060000,2,564.080000,2,564.140000,1,564.160000,2,564.180000,2,564.220000,4,564.240000,10,564.140000
au2408,,13:42:10.0#,560.200000,565.180000,557.700000,627.760000,513.620000,27377,40483.000000,563.980000,19,564.000000,7,564.020000,2,564.040000,6,564.060000,2,564.140000,1,564.160000,2,564.180000,2,564.200000,3,564.220000,1,564.140000
au2408,,13:42:10.500#,560.200000,565.180000,557.700000,627.760000,513.620000,27377,40483.000000,563.980000,9,564.000000,1,564.020000,2,564.040000,6,564.060000,2,564.140000,1,564.160000,2,564.180000,2,564.200000,3,564.220000,4,564.140000
au2408,,13:42:11.500#,560.200000,565.180000,557.700000,627.760000,513.620000,27377,40483.000000,564.000000,4,564.020000,2,564.040000,6,564.060000,2,564.120000,1,564.140000,1,564.180000,2,564.200000,3,564.220000,10,564.240000,7,564.140000
au2408,,13:42:12.0#,560.200000,565.180000,557.700000,627.760000,513.620000,27378,40482.000000,563.980000,8,564.000000,8,564.020000,5,564.040000,6,564.060000,2,564.140000,1,564.180000,2,564.200000,3,564.240000,7,564.260000,12,564.120000
au2408,,13:42:12.500#,560.200000,565.180000,557.700000,627.760000,513.620000,27378,40482.000000,563.980000,9,564.000000,1,564.020000,2,564.040000,6,564.060000,2,564.120000,2,564.140000,1,564.180000,2,564.200000,3,564.220000,3,564.120000
au2408,,13:42:13.0#,560.200000,565.180000,557.700000,627.760000,513.620000,27378,40482.000000,564.000000,4,564.020000,2,564.040000,6,564.060000,2,564.120000,1,564.140000,1,564.180000,2,564.220000,6,564.240000,10,564.260000,6,564.120000
au2408,,13:42:13.500#,560.200000,565.180000,557.700000,627.760000,513.620000,27379,40481.000000,563.980000,8,564.000000,14,564.020000,5,564.040000,6,564.060000,2,564.180000,2,564.220000,3,564.240000,1,564.260000,15,564.280000,13,564.120000
au2408,,13:42:14.0#,560.200000,565.180000,557.700000,627.760000,513.620000,27380,40480.000000,564.000000,10,564.020000,5,564.040000,6,564.060000,2,564.080000,4,564.180000,2,564.240000,7,564.260000,13,564.280000,12,564.320000,2,564.160000
au2408,,13:42:14.500#,560.200000,565.180000,557.700000,627.760000,513.620000,27380,40480.000000,564.000000,14,564.020000,8,564.040000,6,564.060000,2,564.080000,4,564.160000,1,564.180000,2,564.240000,4,564.260000,12,564.280000,10,564.160000
au2408,,13:42:15.500#,560.200000,565.180000,557.700000,627.760000,513.620000,27380,40480.000000,564.020000,2,564.040000,9,564.060000,2,564.080000,4,564.160000,1,564.180000,2,564.240000,4,564.260000,10,564.280000,15,564.300000,6,564.160000
au2408,,13:42:16.0#,560.200000,565.180000,557.700000,627.760000,513.620000,27381,40480.000000,563.980000,3,564.000000,7,564.020000,14,564.040000,15,564.060000,2,564.200000,2,564.240000,1,564.260000,3,564.280000,10,564.300000,13,564.160000
au2408,,13:42:16.500#,560.200000,565.180000,557.700000,627.760000,513.620000,27381,40480.000000,564.000000,11,564.020000,8,564.040000,6,564.060000,2,564.080000,8,564.160000,2,564.200000,2,564.240000,4,564.260000,6,564.280000,13,564.160000
au2408,,13:42:17.0#,560.200000,565.180000,557.700000,627.760000,513.620000,27381,40480.000000,564.000000,10,564.020000,5,564.040000,6,564.060000,2,564.080000,8,564.180000,4,564.200000,2,564.240000,7,564.260000,7,564.280000,12,564.160000
au2408,,13:42:17.500#,560.200000,565.180000,557.700000,627.760000,513.620000,27381,40480.000000,564.000000,11,564.020000,8,564.040000,6,564.060000,2,564.080000,8,564.160000,2,564.180000,3,564.200000,2,564.240000,4,564.260000,3,564.160000
au2408,,13:42:18.0#,560.200000,565.180000,557.700000,627.760000,513.620000,27381,40480.000000,564.000000,13,564.020000,5,564.040000,6,564.060000,2,564.080000,8,564.160000,2,564.180000,3,564.200000,2,564.240000,7,564.260000,10,564.160000
au2408,,13:42:18.500#,560.200000,565.180000,557.700000,627.760000,513.620000,27381,40480.000000,564.000000,13,564.020000,5,564.040000,6,564.060000,2,564.080000,8,564.160000,2,564.180000,3,564.200000,2,564.240000,7,564.260000,10,564.160000
au2408,,13:42:19.0#,560.200000,565.180000,557.700000,627.760000,513.620000,27381,40480.000000,564.000000,13,564.020000,5,564.040000,6,564.060000,2,564.080000,8,564.160000,2,564.180000,3,564.200000,2,564.240000,7,564.260000,10,564.160000
au2408,,13:42:19.500#,560.200000,565.180000,557.700000,627.760000,513.620000,27381,40480.000000,564.000000,13,564.020000,5,564.040000,6,564.060000,2,564.080000,8,564.160000,2,564.180000,3,564.200000,2,564.240000,7,564.260000,10,564.160000
au2408,,13:42:20.0#,560.200000,565.180000,557.700000,627.760000,513.620000,27381,40480.000000,564.000000,13,564.020000,5,564.040000,6,564.060000,2,564.080000,8,564.180000,3,564.200000,2,564.240000,7,564.260000,10,564.280000,15,564.160000
au2408,,13:42:20.500#,560.200000,565.180000,557.700000,627.760000,513.620000,27381,40480.000000,564.000000,14,564.020000,8,564.040000,6,564.060000,2,564.080000,8,564.180000,3,564.200000,2,564.240000,4,564.260000,6,564.280000,19,564.160000
au2408,,13:42:21.0#,560.200000,565.180000,557.700000,627.760000,513.620000,27381,40480.000000,564.020000,8,564.040000,6,564.060000,2,564.080000,8,564.100000,1,564.180000,3,564.200000,2,564.240000,4,564.260000,6,564.280000,19,564.160000
au2408,,13:42:22.0#,560.200000,565.180000,557.700000,627.760000,513.620000,27382,40480.000000,564.020000,11,564.040000,9,564.060000,2,564.100000,1,564.120000,6,564.200000,1,564.240000,1,564.260000,6,564.280000,14,564.300000,8,564.200000
au2408,,13:42:23.0#,560.200000,565.180000,557.700000,627.760000,513.620000,27383,40480.000000,564.100000,2,564.120000,2,564.140000,5,564.160000,2,564.180000,1,564.280000,1,564.300000,3,564.320000,7,564.340000,16,564.360000,4,564.240000
au2408,,13:42:23.500#,560.200000,565.180000,557.700000,627.760000,513.620000,27384,40479.000000,564.120000,5,564.140000,2,564.160000,1,564.180000,2,564.200000,1,564.280000,1,564.320000,3,564.340000,1,564.360000,13,564.380000,12,564.260000
au2408,,13:42:24.0#,560.200000,565.180000,557.700000,627.760000,513.620000,27384,40479.000000,564.140000,1,564.160000,1,564.180000,2,564.200000,1,564.220000,1,564.260000,2,564.280000,1,564.340000,4,564.360000,1,564.380000,16,564.260000
au2408,,13:42:24.500#,560.200000,565.180000,557.700000,627.760000,513.620000,27384,40479.000000,564.100000,8,564.120000,4,564.140000,4,564.160000,1,564.180000,2,564.260000,3,564.280000,1,564.320000,3,564.340000,1,564.360000,1,564.260000
au2408,,13:42:25.0#,560.200000,565.180000,557.700000,627.760000,513.620000,27384,40479.000000,564.100000,7,564.120000,1,564.140000,1,564.160000,1,564.180000,2,564.240000,2,564.260000,3,564.280000,1,564.320000,3,564.340000,4,564.260000
au2408,,13:42:25.500#,560.200000,565.180000,557.700000,627.760000,513.620000,27384,40479.000000,564.100000,7,564.120000,1,564.140000,1,564.160000,1,564.180000,2,564.260000,3,564.280000,1,564.300000,3,564.340000,13,564.360000,16,564.260000
au2408,,13:42:26.0#,560.200000,565.180000,557.700000,627.760000,513.620000,27385,40478.000000,564.100000,10,564.120000,1,564.140000,1,564.160000,1,564.180000,2,564.240000,1,564.260000,5,564.280000,1,564.320000,3,564.340000,13,564.260000
au2408,,13:42:26.500#,560.200000,565.180000,557.700000,627.760000,513.620000,27385,40478.000000,564.100000,7,564.120000,1,564.140000,1,564.160000,1,564.180000,2,564.240000,1,564.260000,3,564.280000,1,564.300000,3,564.340000,16,564.260000
au2408,,13:42:27.0#,560.200000,565.180000,557.700000,627.760000,513.620000,27385,40478.000000,564.100000,7,564.120000,1,564.140000,1,564.160000,1,564.180000,2,564.240000,1,564.260000,3,564.280000,1,564.300000,3,564.340000,16,564.260000
au2408,,13:42:27.500#,560.200000,565.180000,557.700000,627.760000,513.620000,27385,40478.000000,564.100000,7,564.120000,1,564.140000,1,564.160000,1,564.180000,2,564.260000,3,564.280000,1,564.300000,3,564.340000,16,564.360000,13,564.260000
au2408,,13:42:28.500#,560.200000,565.180000,557.700000,627.760000,513.620000,27387,40477.000000,564.080000,6,564.100000,4,564.120000,1,564.140000,1,564.160000,1,564.260000,1,564.280000,1,564.300000,3,564.320000,12,564.340000,13,564.180000
au2408,,13:42:30.0#,560.200000,565.180000,557.700000,627.760000,513.620000,27387,40477.000000,564.080000,6,564.100000,4,564.120000,1,564.140000,1,564.160000,1,564.240000,1,564.260000,1,564.280000,1,564.320000,9,564.340000,16,564.180000
au2408,,13:42:30.500#,560.200000,565.180000,557.700000,627.760000,513.620000,27387,40477.000000,564.120000,4,564.140000,1,564.160000,1,564.180000,4,564.240000,1,564.260000,1,564.280000,1,564.320000,3,564.340000,11,564.360000,9,564.180000
au2408,,13:42:31.0#,560.200000,565.180000,557.700000,627.760000,513.620000,27388,40476.000000,564.080000,3,564.100000,6,564.120000,14,564.140000,1,564.160000,2,564.260000,1,564.280000,1,564.340000,1,564.360000,7,564.380000,12,564.240000
au2408,,13:42:31.500#,560.200000,565.180000,557.700000,627.760000,513.620000,27389,40475.000000,564.120000,1,564.140000,4,564.160000,2,564.180000,5,564.200000,4,564.280000,1,564.340000,7,564.360000,10,564.380000,6,564.400000,7,564.260000
au2408,,13:42:32.0#,560.200000,565.180000,557.700000,627.760000,513.620000,27389,40475.000000,564.140000,4,564.160000,2,564.180000,1,564.200000,4,564.220000,1,564.240000,2,564.280000,1,564.340000,1,564.360000,7,564.380000,7,564.260000
au2408,,13:42:32.500#,560.200000,565.180000,557.700000,627.760000,513.620000,27392,40474.000000,564.120000,7,564.140000,4,564.160000,2,564.180000,1,564.240000,2,564.280000,2,564.340000,7,564.360000,8,564.380000,5,564.400000,13,564.240000
au2408,,13:42:33.0#,560.200000,565.180000,557.700000,627.760000,513.620000,27393,40473.000000,564.120000,10,564.140000,10,564.160000,2,564.180000,1,564.240000,2,564.280000,1,564.340000,1,564.360000,4,564.380000,3,564.400000,20,564.280000
au2408,,13:42:33.500#,560.200000,565.180000,557.700000,627.760000,513.620000,27393,40473.000000,564.100000,10,564.120000,13,564.140000,10,564.160000,2,564.180000,1,564.260000,1,564.280000,1,564.340000,1,564.360000,4,564.380000,3,564.280000
au2408,,13:42:34.0#,560.200000,565.180000,557.700000,627.760000,513.620000,27393,40473.000000,564.160000,2,564.180000,1,564.200000,4,564.220000,4,564.260000,1,564.280000,1,564.340000,1,564.360000,8,564.380000,5,564.400000,10,564.280000
au2408,,13:42:34.500#,560.200000,565.180000,557.700000,627.760000,513.620000,27394,40472.000000,564.100000,4,564.120000,6,564.140000,14,564.160000,8,564.180000,1,564.340000,1,564.360000,4,564.400000,16,564.420000,12,564.480000,1,564.260000
au2408,,13:42:35.0#,560.200000,565.180000,557.700000,627.760000,513.620000,27395,40471.000000,564.140000,7,564.160000,2,564.180000,1,564.200000,5,564.220000,4,564.320000,3,564.340000,2,564.360000,4,564.380000,3,564.400000,4,564.320000
au2408,,13:42:35.500#,560.200000,565.180000,557.700000,627.760000,513.620000,27395,40471.000000,564.160000,8,564.180000,1,564.200000,4,564.220000,4,564.240000,2,564.360000,1,564.380000,3,564.400000,6,564.420000,12,564.440000,6,564.320000
au2408,,13:42:36.0#,560.200000,565.180000,557.700000,627.760000,513.620000,27395,40471.000000,564.160000,11,564.180000,7,564.200000,4,564.240000,1,564.260000,1,564.340000,2,564.360000,1,564.400000,3,564.420000,3,564.440000,13,564.320000
au2408,,13:42:36.500#,560.200000,565.180000,557.700000,627.760000,513.620000,27395,40471.000000,564.140000,12,564.160000,12,564.180000,4,564.200000,4,564.260000,1,564.320000,1,564.340000,7,564.360000,1,564.380000,3,564.420000,3,564.320000
au2408,,13:42:37.0#,560.200000,565.180000,557.700000,627.760000,513.620000,27396,40471.000000,564.120000,4,564.140000,15,564.160000,9,564.180000,4,564.200000,4,564.300000,2,564.320000,1,564.340000,6,564.360000,1,564.380000,3,564.260000
au2408,,13:42:37.500#,560.200000,565.180000,557.700000,627.760000,513.620000,27396,40471.000000,564.140000,7,564.160000,5,564.180000,1,564.200000,4,564.220000,4,564.300000,2,564.340000,2,564.360000,1,564.380000,12,564.400000,12,564.260000
au2408,,13:42:38.0#,560.200000,565.180000,557.700000,627.760000,513.620000,27396,40471.000000,564.140000,13,564.160000,2,564.180000,1,564.200000,4,564.220000,4,564.280000,1,564.300000,2,564.360000,1,564.380000,6,564.400000,13,564.260000
au2408,,13:42:38.500#,560.200000,565.180000,557.700000,627.760000,513.620000,27396,40471.000000,564.160000,5,564.180000,1,564.200000,4,564.220000,4,564.240000,1,564.360000,1,564.380000,9,564.400000,12,564.420000,9,564.460000,1,564.260000
au2408,,13:42:39.0#,560.200000,565.180000,557.700000,627.760000,513.620000,27397,40470.000000,564.120000,1,564.140000,7,564.160000,8,564.180000,7,564.200000,4,564.320000,7,564.340000,9,564.360000,1,564.380000,3,564.400000,3,564.320000
au2408,,13:42:39.500#,560.200000,565.180000,557.700000,627.760000,513.620000,27397,40470.000000,564.140000,4,564.160000,5,564.180000,1,564.200000,4,564.220000,6,564.320000,7,564.340000,7,564.360000,2,564.380000,9,564.400000,12,564.320000
au2408,,13:42:40.0#,560.200000,565.180000,557.700000,627.760000,513.620000,27397,40470.000000,564.160000,5,564.180000,1,564.200000,4,564.220000,5,564.240000,1,564.320000,7,564.340000,6,564.360000,1,564.380000,6,564.400000,16,564.320000
au2408,,13:42:40.500#,560.200000,565.180000,557.700000,627.760000,513.620000,27397,40470.000000,564.140000,11,564.160000,11,564.180000,1,564.200000,4,564.240000,1,564.320000,7,564.340000,6,564.360000,1,564.380000,3,564.400000,12,564.320000
au2408,,13:42:41.0#,560.200000,565.180000,557.700000,627.760000,513.620000,27398,40470.000000,564.120000,9,564.140000,11,564.160000,8,564.180000,1,564.200000,4,564.300000,1,564.320000,7,564.340000,6,564.360000,1,564.380000,3,564.240000
au2408,,13:42:41.500#,560.200000,565.180000,557.700000,627.760000,513.620000,27398,40470.000000,564.140000,4,564.160000,5,564.180000,1,564.200000,4,564.220000,5,564.300000,1,564.320000,6,564.340000,6,564.360000,1,564.380000,12,564.240000
au2408,,13:42:42.0#,560.200000,565.180000,557.700000,627.760000,513.620000,27399,40469.000000,564.140000,10,564.160000,5,564.180000,1,564.200000,4,564.220000,4,564.300000,1,564.320000,6,564.340000,6,564.360000,1,564.380000,9,564.220000
au2408,,13:42:42.500#,560.200000,565.180000,557.700000,627.760000,513.620000,27399,40469.000000,564.140000,13,564.160000,2,564.180000,1,564.200000,4,564.220000,2,564.280000,3,564.300000,1,564.320000,4,564.340000,6,564.360000,4,564.220000
au2408,,13:42:43.0#,560.200000,565.180000,557.700000,627.760000,513.620000,27399,40469.000000,564.120000,13,564.140000,4,564.160000,2,564.180000,1,564.200000,1,564.240000,3,564.280000,3,564.300000,1,564.320000,2,564.340000,9,564.220000
au2408,,13:42:43.500#,560.200000,565.180000,557.700000,627.760000,513.620000,27400,40468.000000,564.100000,4,564.120000,7,564.140000,1,564.160000,2,564.180000,1,564.280000,3,564.300000,1,564.320000,2,564.340000,18,564.360000,13,564.240000
au2408,,13:42:44.0#,560.200000,565.180000,557.700000,627.760000,513.620000,27405,40465.000000,564.040000,6,564.060000,4,564.080000,15,564.100000,10,564.120000,4,564.140000,50,564.260000,4,564.280000,3,564.300000,1,564.320000,2,564.140000
au2408,,13:42:44.500#,560.200000,565.180000,557.700000,627.760000,513.620000,27455,40454.000000,564.080000,3,564.100000,1,564.120000,2,564.140000,2,564.160000,1,564.220000,3,564.260000,8,564.280000,10,564.300000,4,564.320000,6,564.140000
au2408,,13:42:45.0#,560.200000,565.180000,557.700000,627.760000,513.620000,27455,40454.000000,564.060000,7,564.100000,1,564.120000,1,564.140000,2,564.160000,1,564.180000,2,564.200000,1,564.260000,3,564.280000,7,564.300000,1,564.140000
au2408,,13:42:45.500#,560.200000,565.180000,557.700000,627.760000,513.620000,27456,40455.000000,564.040000,9,564.060000,7,564.100000,1,564.120000,1,564.140000,2,564.180000,2,564.200000,1,564.260000,3,564.280000,7,564.300000,8,564.160000
au2408,,13:42:46.0#,560.200000,565.180000,557.700000,627.760000,513.620000,27456,40455.000000,564.020000,11,564.040000,9,564.060000,4,564.100000,1,564.120000,1,564.180000,2,564.200000,1,564.260000,3,564.280000,7,564.300000,8,564.160000
au2408,,13:42:46.500#,560.200000,565.180000,557.700000,627.760000,513.620000,27456,40455.000000,564.020000,8,564.040000,6,564.060000,4,564.100000,1,564.120000,1,564.180000,2,564.200000,1,564.260000,3,564.280000,10,564.300000,9,564.160000
au2408,,13:42:47.0#,560.200000,565.180000,557.700000,627.760000,513.620000,27456,40455.000000,564.020000,11,564.040000,6,564.060000,4,564.100000,1,564.120000,1,564.200000,1,564.260000,6,564.280000,10,564.300000,9,564.320000,9,564.160000
au2408,,13:42:47.500#,560.200000,565.180000,557.700000,627.760000,513.620000,27456,40455.000000,564.020000,8,564.040000,12,564.060000,4,564.100000,1,564.120000,1,564.180000,2,564.200000,1,564.260000,3,564.280000,9,564.300000,8,564.160000
au2408,,13:42:48.0#,560.200000,565.180000,557.700000,627.760000,513.620000,27457,40455.000000,564.020000,11,564.040000,6,564.060000,4,564.100000,1,564.120000,1,564.180000,3,564.200000,1,564.260000,6,564.280000,13,564.300000,9,564.180000
au2408,,13:42:48.500#,560.200000,565.180000,557.700000,627.760000,513.620000,27457,40455.000000,564.020000,14,564.040000,9,564.060000,1,564.100000,1,564.120000,1,564.180000,3,564.200000,1,564.260000,6,564.280000,13,564.300000,12,564.180000
au2408,,13:42:49.0#,560.200000,565.180000,557.700000,627.760000,513.620000,27458,40455.000000,564.040000,6,564.060000,4,564.100000,1,564.120000,1,564.140000,2,564.180000,2,564.200000,1,564.260000,6,564.280000,13,564.300000,12,564.180000
au2408,,13:42:49.500#,560.200000,565.180000,557.700000,627.760000,513.620000,27458,40455.000000,564.020000,14,564.040000,18,564.060000,1,564.100000,1,564.120000,1,564.180000,2,564.200000,1,564.260000,6,564.280000,6,564.300000,17,564.180000
au2408,,13:42:50.0#,560.200000,565.180000,557.700000,627.760000,513.620000,27458,40455.000000,564.020000,17,564.040000,9,564.060000,1,564.100000,1,564.120000,1,564.180000,2,564.200000,1,564.260000,9,564.280000,10,564.300000,15,564.180000
au2408,,13:42:50.500#,560.200000,565.180000,557.700000,627.760000,513.620000,27458,40455.000000,564.020000,14,564.040000,9,564.060000,1,564.100000,1,564.120000,1,564.180000,2,564.200000,1,564.260000,9,564.280000,10,564.300000,18,564.180000
au2408,,13:42:51.0#,560.200000,565.180000,557.700000,627.760000,513.620000,27458,40455.000000,564.020000,11,564.040000,9,564.060000,1,564.100000,1,564.120000,1,564.180000,2,564.200000,1,564.260000,9,564.280000,10,564.300000,15,564.180000
au2408,,13:42:51.500#,560.200000,565.180000,557.700000,627.760000,513.620000,27458,40455.000000,564.000000,15,564.020000,14,564.040000,6,564.060000,1,564.100000,1,564.180000,2,564.200000,1,564.260000,9,564.280000,10,564.300000,14,564.180000
au2408,,13:42:52.0#,560.200000,565.180000,557.700000,627.760000,513.620000,27460,40455.000000,564.020000,5,564.040000,9,564.060000,1,564.100000,1,564.120000,2,564.200000,1,564.260000,12,564.280000,9,564.300000,15,564.340000,2,564.180000
au2408,,13:42:52.500#,560.200000,565.180000,557.700000,627.760000,513.620000,27460,40455.000000,564.020000,11,564.040000,15,564.060000,1,564.100000,1,564.120000,2,564.200000,1,564.260000,6,564.280000,6,564.300000,16,564.320000,2,564.180000
au2408,,13:42:53.0#,560.200000,565.180000,557.700000,627.760000,513.620000,27460,40455.000000,564.040000,15,564.060000,1,564.100000,1,564.120000,2,564.140000,2,564.200000,1,564.260000,6,564.280000,6,564.300000,13,564.320000,11,564.180000
au2408,,13:42:53.500#,560.200000,565.180000,557.700000,627.760000,513.620000,27460,40455.000000,564.040000,19,564.060000,4,564.100000,1,564.120000,2,564.140000,2,564.200000,1,564.260000,3,564.280000,6,564.300000,9,564.320000,15,564.180000
au2408,,13:42:54.0#,560.200000,565.180000,557.700000,627.760000,513.620000,27461,40455.000000,564.120000,2,564.140000,4,564.160000,9,564.180000,2,564.200000,2,564.260000,3,564.280000,3,564.300000,6,564.320000,15,564.340000,8,564.200000
au2408,,13:42:54.500#,560.200000,565.180000,557.700000,627.760000,513.620000,27463,40454.000000,564.080000,12,564.100000,10,564.120000,3,564.140000,2,564.160000,1,564.240000,1,564.260000,3,564.280000,3,564.320000,3,564.340000,8,564.200000
au2408,,13:42:55.0#,560.200000,565.180000,557.700000,627.760000,513.620000,27463,40454.000000,564.060000,13,564.080000,9,564.100000,4,564.140000,2,564.160000,1,564.220000,1,564.240000,1,564.260000,2,564.280000,3,564.320000,6,564.200000
au2408,,13:42:55.500#,560.200000,565.180000,557.700000,627.760000,513.620000,27463,40454.000000,564.060000,11,564.080000,6,564.100000,1,564.140000,2,564.160000,1,564.240000,1,564.260000,2,564.280000,3,564.300000,3,564.320000,9,564.200000
au2408,,13:42:56.0#,560.200000,565.180000,557.700000,627.760000,513.620000,27463,40454.000000,564.060000,10,564.080000,6,564.100000,1,564.140000,2,564.160000,1,564.240000,1,564.260000,2,564.280000,6,564.320000,6,564.340000,15,564.200000
au2408,,13:42:56.500#,560.200000,565.180000,557.700000,627.760000,513.620000,27463,40454.000000,564.060000,7,564.080000,9,564.100000,1,564.140000,2,564.160000,1,564.240000,1,564.260000,2,564.280000,3,564.300000,3,564.320000,3,564.200000
au2408,,13:42:57.0#,560.200000,565.180000,557.700000,627.760000,513.620000,27463,40454.000000,564.060000,7,564.080000,9,564.100000,1,564.140000,2,564.160000,1,564.240000,1,564.260000,2,564.280000,3,564.300000,3,564.320000,6,564.200000
au2408,,13:42:57.500#,560.200000,565.180000,557.700000,627.760000,513.620000,27463,40454.000000,564.060000,7,564.080000,9,564.100000,1,564.140000,2,564.160000,1,564.240000,1,564.260000,2,564.280000,3,564.300000,3,564.320000,6,564.200000
au2408,,13:42:58.0#,560.200000,565.180000,557.700000,627.760000,513.620000,27463,40454.000000,564.060000,7,564.080000,9,564.100000,1,564.140000,2,564.160000,1,564.240000,1,564.260000,2,564.280000,3,564.300000,3,564.320000,6,564.200000
au2408,,13:42:58.500#,560.200000,565.180000,557.700000,627.760000,513.620000,27463,40454.000000,564.060000,7,564.080000,9,564.100000,1,564.140000,2,564.160000,1,564.240000,1,564.260000,2,564.280000,3,564.300000,3,564.320000,6,564.200000
au2408,,13:42:59.0#,560.200000,565.180000,557.700000,627.760000,513.620000,27463,40454.000000,564.040000,15,564.060000,7,564.080000,9,564.100000,1,564.140000,2,564.240000,1,564.260000,2,564.280000,3,564.300000,3,564.320000,6,564.200000
au2408,,13:42:59.500#,560.200000,565.180000,557.700000,627.760000,513.620000,27463,40454.000000,564.040000,14,564.060000,11,564.080000,3,564.100000,1,564.140000,2,564.220000,2,564.240000,3,564.260000,2,564.280000,6,564.320000,15,564.200000
au2408,,13:43:00.0#,560.200000,565.180000,557.700000,627.760000,513.620000,27463,40454.000000,564.020000,8,564.040000,18,564.060000,10,564.100000,1,564.140000,2,564.220000,2,564.240000,3,564.260000,2,564.280000,6,564.300000,3,564.200000
au2408,,13:43:00.500#,560.200000,565.180000,557.700000,627.760000,513.620000,27463,40454.000000,564.040000,15,564.060000,10,564.100000,1,564.140000,2,564.160000,2,564.220000,2,564.240000,3,564.260000,2,564.280000,6,564.300000,6,564.200000
au2408,,13:43:01.0#,560.200000,565.180000,557.700000,627.760000,513.620000,27463,40454.000000,564.060000,8,564.080000,6,564.100000,1,564.140000,2,564.160000,2,564.240000,1,564.260000,2,564.280000,3,564.300000,6,564.320000,15,564.200000
au2408,,13:43:01.500#,560.200000,565.180000,557.700000,627.760000,513.620000,27463,40454.000000,564.060000,10,564.080000,9,564.100000,1,564.140000,2,564.160000,2,564.240000,1,564.260000,2,564.280000,3,564.300000,3,564.320000,6,564.200000
au2408,,13:43:02.0#,560.200000,565.180000,557.700000,627.760000,513.620000,27463,40454.000000,564.060000,10,564.080000,6,564.100000,4,564.140000,2,564.160000,2,564.240000,1,564.260000,2,564.280000,3,564.320000,9,564.340000,19,564.200000
au2408,,13:43:02.500#,560.200000,565.180000,557.700000,627.760000,513.620000,27463,40454.000000,564.060000,10,564.080000,9,564.100000,1,564.140000,2,564.160000,2,564.220000,2,564.240000,1,564.260000,2,564.280000,3,564.300000,3,564.200000
au2408,,13:43:03.0#,560.200000,565.180000,557.700000,627.760000,513.620000,27463,40454.000000,564.060000,11,564.080000,3,564.100000,1,564.140000,2,564.160000,2,564.220000,2,564.240000,1,564.260000,2,564.280000,3,564.300000,6,564.200000
au2408,,13:43:03.500#,560.200000,565.180000,557.700000,627.760000,513.620000,27463,40454.000000,564.040000,17,564.060000,11,564.080000,6,564.100000,1,564.140000,2,564.220000,2,564.240000,1,564.260000,2,564.280000,3,564.300000,6,564.200000
au2408,,13:43:04.0#,560.200000,565.180000,557.700000,627.760000,513.620000,27463,40454.000000,564.060000,7,564.080000,3,564.100000,1,564.140000,2,564.160000,2,564.220000,2,564.240000,1,564.260000,2,564.280000,3,564.300000,9,564.200000
au2408,,13:43:04.500#,560.200000,565.180000,557.700000,627.760000,513.620000,27463,40454.000000,564.060000,11,564.080000,3,564.100000,4,564.140000,2,564.160000,3,564.240000,1,564.260000,2,564.280000,3,564.300000,3,564.320000,15,564.200000
au2408,,13:43:05.0#,560.200000,565.180000,557.700000,627.760000,513.620000,27463,40454.000000,564.080000,6,564.100000,4,564.140000,2,564.160000,3,564.180000,2,564.240000,1,564.260000,2,564.280000,3,564.320000,9,564.340000,16,564.200000
au2408,,13:43:05.500#,560.200000,565.180000,557.700000,627.760000,513.620000,27464,40453.000000,564.120000,3,564.140000,2,564.160000,3,564.180000,2,564.200000,1,564.260000,2,564.280000,3,564.340000,15,564.360000,16,564.380000,3,564.240000
au2408,,13:43:06.0#,560.200000,565.180000,557.700000,627.760000,513.620000,27464,40453.000000,564.120000,6,564.140000,2,564.160000,1,564.180000,2,564.200000,1,564.280000,3,564.340000,3,564.360000,8,564.380000,11,564.400000,3,564.240000
au2408,,13:43:06.500#,560.200000,565.180000,557.700000,627.760000,513.620000,27464,40453.000000,564.120000,6,564.140000,2,564.160000,1,564.180000,2,564.200000,1,564.260000,2,564.280000,1,564.320000,3,564.360000,7,564.380000,9,564.240000
au2408,,13:43:07.0#,560.200000,565.180000,557.700000,627.760000,513.620000,27464,40453.000000,564.120000,6,564.140000,2,564.160000,1,564.180000,2,564.200000,1,564.260000,2,564.280000,1,564.340000,6,564.360000,8,564.380000,8,564.240000
au2408,,13:43:07.500#,560.200000,565.180000,557.700000,627.760000,513.620000,27464,40453.000000,564.120000,6,564.140000,2,564.160000,1,564.180000,2,564.200000,1,564.260000,2,564.280000,1,564.340000,6,564.360000,8,564.380000,8,564.240000
au2408,,13:43:08.0#,560.200000,565.180000,557.700000,627.760000,513.620000,27464,40453.000000,564.120000,6,564.140000,2,564.160000,1,564.180000,2,564.200000,1,564.260000,2,564.280000,1,564.340000,6,564.360000,8,564.380000,8,564.240000
au2408,,13:43:08.500#,560.200000,565.180000,557.700000,627.760000,513.620000,27465,40452.000000,564.120000,6,564.140000,2,564.160000,1,564.180000,2,564.200000,1,564.260000,1,564.280000,1,564.340000,6,564.360000,8,564.380000,8,564.260000
au2408,,13:43:09.0#,560.200000,565.180000,557.700000,627.760000,513.620000,27465,40452.000000,564.160000,1,564.180000,2,564.200000,1,564.220000,2,564.260000,1,564.280000,1,564.360000,10,564.380000,9,564.400000,12,564.460000,2,564.260000
au2408,,13:43:09.500#,560.200000,565.180000,557.700000,627.760000,513.620000,27466,40451.000000,564.140000,10,564.160000,4,564.180000,2,564.200000,1,564.220000,2,564.280000,1,564.360000,4,564.400000,6,564.420000,9,564.460000,4,564.260000
au2408,,13:43:10.0#,560.200000,565.180000,557.700000,627.760000,513.620000,27466,40451.000000,564.140000,9,564.160000,1,564.180000,2,564.200000,1,564.220000,2,564.280000,1,564.360000,4,564.380000,6,564.400000,12,564.440000,3,564.260000
au2408,,13:43:10.500#,560.200000,565.180000,557.700000,627.760000,513.620000,27466,40451.000000,564.140000,9,564.160000,1,564.180000,2,564.200000,2,564.220000,2,564.280000,1,564.360000,1,564.380000,9,564.400000,12,564.440000,3,564.260000
au2408,,13:43:11.0#,560.200000,565.180000,557.700000,627.760000,513.620000,27467,40451.000000,564.140000,9,564.160000,1,564.180000,2,564.200000,2,564.220000,2,564.360000,4,564.380000,6,564.400000,12,564.440000,3,564.460000,1,564.280000
au2408,,13:43:11.500#,560.200000,565.180000,557.700000,627.760000,513.620000,27467,40451.000000,564.160000,7,564.180000,2,564.200000,2,564.220000,2,564.240000,1,564.320000,9,564.340000,10,564.360000,1,564.380000,3,564.400000,9,564.280000
au2408,,13:43:12.0#,560.200000,565.180000,557.700000,627.760000,513.620000,27469,40451.000000,564.120000,5,564.140000,13,564.160000,7,564.180000,2,564.200000,2,564.220000,33,564.300000,2,564.320000,12,564.340000,9,564.360000,4,564.220000
au2408,,13:43:12.500#,560.200000,565.180000,557.700000,627.760000,513.620000,27470,40450.000000,564.120000,3,564.140000,3,564.160000,1,564.180000,2,564.200000,2,564.220000,32,564.300000,2,564.320000,5,564.340000,12,564.360000,12,564.220000
au2408,,13:43:13.0#,560.200000,565.180000,557.700000,627.760000,513.620000,27471,40449.000000,564.100000,7,564.120000,6,564.160000,1,564.180000,2,564.200000,2,564.220000,31,564.300000,2,564.320000,2,564.340000,12,564.360000,6,564.220000
au2408,,13:43:13.500#,560.200000,565.180000,557.700000,627.760000,513.620000,27472,40449.000000,564.100000,7,564.120000,3,564.160000,1,564.180000,2,564.200000,2,564.220000,30,564.300000,2,564.320000,5,564.340000,9,564.360000,15,564.220000
au2408,,13:43:14.0#,560.200000,565.180000,557.700000,627.760000,513.620000,27472,40449.000000,564.080000,9,564.100000,7,564.160000,1,564.180000,2,564.200000,2,564.220000,30,564.300000,2,564.320000,5,564.340000,12,564.360000,18,564.220000
au2408,,13:43:14.500#,560.200000,565.180000,557.700000,627.760000,513.620000,27490,40446.000000,564.080000,9,564.100000,4,564.160000,1,564.180000,2,564.200000,2,564.220000,12,564.300000,2,564.320000,5,564.340000,18,564.360000,12,564.220000
au2408,,13:43:15.0#,560.200000,565.180000,557.700000,627.760000,513.620000,27502,40445.000000,564.140000,3,564.160000,1,564.180000,2,564.200000,2,564.220000,3,564.300000,2,564.320000,5,564.340000,12,564.360000,12,564.380000,3,564.220000
au2408,,13:43:15.500#,560.200000,565.180000,557.700000,627.760000,513.620000,27503,40444.000000,564.140000,6,564.160000,1,564.180000,2,564.200000,2,564.220000,1,564.300000,1,564.340000,5,564.360000,1,564.380000,6,564.400000,13,564.300000
au2408,,13:43:16.0#,560.200000,565.180000,557.700000,627.760000,513.620000,27503,40444.000000,564.140000,9,564.160000,4,564.180000,2,564.200000,2,564.220000,1,564.300000,1,564.340000,2,564.360000,1,564.380000,6,564.400000,10,564.300000
au2408,,13:43:16.500#,560.200000,565.180000,557.700000,627.760000,513.620000,27503,40444.000000,564.140000,9,564.160000,4,564.180000,2,564.200000,2,564.220000,1,564.300000,1,564.340000,2,564.360000,1,564.380000,6,564.400000,10,564.300000
au2408,,13:43:17.0#,560.200000,565.180000,557.700000,627.760000,513.620000,27503,40444.000000,564.140000,12,564.160000,1,564.180000,2,564.200000,2,564.220000,1,564.300000,1,564.340000,2,564.360000,1,564.380000,6,564.400000,10,564.300000
au2408,,13:43:17.500#,560.200000,565.180000,557.700000,627.760000,513.620000,27503,40444.000000,564.140000,12,564.160000,1,564.180000,2,564.200000,2,564.220000,1,564.300000,1,564.340000,2,564.360000,4,564.380000,3,564.400000,10,564.300000
au2408,,13:43:18.0#,560.200000,565.180000,557.700000,627.760000,513.620000,27503,40444.000000,564.140000,9,564.160000,1,564.180000,2,564.200000,2,564.220000,1,564.300000,1,564.340000,5,564.360000,1,564.380000,3,564.400000,10,564.300000
au2408,,13:43:18.500#,560.200000,565.180000,557.700000,627.760000,513.620000,27504,40443.000000,564.120000,12,564.140000,9,564.160000,1,564.180000,2,564.200000,2,564.220000,1,564.280000,2,564.300000,1,564.340000,5,564.360000,1,564.220000
au2408,,13:43:19.0#,560.200000,565.180000,557.700000,627.760000,513.620000,27505,40443.000000,564.140000,3,564.160000,1,564.180000,2,564.200000,2,564.220000,4,564.300000,1,564.340000,5,564.360000,13,564.380000,9,564.460000,2,564.220000
au2408,,13:43:19.500#,560.200000,565.180000,557.700000,627.760000,513.620000,27505,40443.000000,564.140000,12,564.160000,1,564.180000,2,564.200000,2,564.220000,2,564.280000,2,564.300000,1,564.340000,2,564.360000,4,564.380000,9,564.220000
au2408,,13:43:20.0#,560.200000,565.180000,557.700000,627.760000,513.620000,27505,40443.000000,564.140000,9,564.160000,1,564.180000,2,564.200000,2,564.220000,2,564.280000,2,564.300000,1,564.340000,2,564.360000,4,564.380000,15,564.220000
au2408,,13:43:20.500#,560.200000,565.180000,557.700000,627.760000,513.620000,27505,40443.000000,564.140000,6,564.160000,1,564.180000,2,564.200000,2,564.220000,2,564.280000,2,564.300000,1,564.340000,5,564.360000,1,564.380000,15,564.220000
au2408,,13:43:21.0#,560.200000,565.180000,557.700000,627.760000,513.620000,27505,40443.000000,564.140000,6,564.160000,1,564.180000,2,564.200000,2,564.220000,2,564.280000,2,564.300000,1,564.340000,5,564.360000,1,564.380000,15,564.220000
au2408,,13:43:21.500#,560.200000,565.180000,557.700000,627.760000,513.620000,27505,40443.000000,564.140000,6,564.160000,1,564.180000,2,564.200000,2,564.220000,2,564.280000,2,564.300000,1,564.340000,2,564.360000,4,564.380000,15,564.220000
au2408,,13:43:22.0#,560.200000,565.180000,557.700000,627.760000,513.620000,27505,40443.000000,564.140000,9,564.160000,1,564.180000,2,564.200000,2,564.220000,2,564.280000,2,564.300000,1,564.340000,2,564.360000,4,564.380000,15,564.220000
au2408,,13:43:22.500#,560.200000,565.180000,557.700000,627.760000,513.620000,27505,40443.000000,564.140000,9,564.160000,1,564.180000,2,564.200000,2,564.220000,2,564.280000,2,564.300000,1,564.340000,2,564.360000,4,564.380000,15,564.220000
au2408,,13:43:23.0#,560.200000,565.180000,557.700000,627.760000,513.620000,27505,40443.000000,564.140000,9,564.160000,1,564.180000,2,564.200000,2,564.220000,2,564.280000,2,564.300000,1,564.340000,2,564.360000,4,564.380000,15,564.220000
au2408,,13:43:23.500#,560.200000,565.180000,557.700000,627.760000,513.620000,27505,40443.000000,564.140000,9,564.160000,1,564.180000,2,564.200000,2,564.220000,2,564.280000,2,564.300000,1,564.340000,2,564.360000,4,564.380000,15,564.220000
au2408,,13:43:24.0#,560.200000,565.180000,557.700000,627.760000,513.620000,27505,40443.000000,564.140000,9,564.160000,1,564.180000,2,564.200000,2,564.220000,2,564.280000,2,564.300000,1,564.340000,2,564.360000,4,564.380000,15,564.220000
au2408,,13:43:24.500#,560.200000,565.180000,557.700000,627.760000,513.620000,27505,40443.000000,564.140000,9,564.160000,1,564.180000,2,564.200000,2,564.220000,2,564.280000,2,564.300000,1,564.340000,2,564.360000,4,564.380000,15,564.220000
au2408,,13:43:25.0#,560.200000,565.180000,557.700000,627.760000,513.620000,27505,40443.000000,564.140000,9,564.160000,1,564.180000,2,564.200000,2,564.220000,2,564.280000,2,564.300000,1,564.340000,2,564.360000,4,564.380000,15,564.220000
au2408,,13:43:25.500#,560.200000,565.180000,557.700000,627.760000,513.620000,27505,40443.000000,564.140000,9,564.160000,1,564.180000,2,564.200000,2,564.220000,2,564.300000,1,564.340000,2,564.360000,4,564.380000,15,564.400000,12,564.220000
au2408,,13:43:26.0#,560.200000,565.180000,557.700000,627.760000,513.620000,27505,40443.000000,564.140000,12,564.160000,1,564.180000,2,564.200000,2,564.220000,2,564.300000,1,564.340000,2,564.360000,4,564.380000,9,564.400000,13,564.220000
au2408,,13:43:26.500#,560.200000,565.180000,557.700000,627.760000,513.620000,27505,40443.000000,564.140000,12,564.160000,1,564.180000,2,564.200000,2,564.220000,2,564.280000,2,564.300000,1,564.340000,2,564.360000,4,564.380000,9,564.220000
au2408,,13:43:27.0#,560.200000,565.180000,557.700000,627.760000,513.620000,27505,40443.000000,564.140000,9,564.160000,1,564.180000,2,564.200000,2,564.220000,2,564.280000,2,564.300000,1,564.340000,2,564.360000,4,564.380000,15,564.220000
au2408,,13:43:27.500#,560.200000,565.180000,557.700000,627.760000,513.620000,27505,40443.000000,564.160000,4,564.180000,2,564.200000,2,564.220000,2,564.240000,1,564.300000,1,564.340000,2,564.360000,1,564.380000,15,564.400000,15,564.220000
au2408,,13:43:28.0#,560.200000,565.180000,557.700000,627.760000,513.620000,27505,40443.000000,564.160000,7,564.180000,2,564.200000,2,564.220000,2,564.240000,1,564.320000,1,564.340000,2,564.360000,1,564.380000,3,564.400000,12,564.220000
au2408,,13:43:28.500#,560.200000,565.180000,557.700000,627.760000,513.620000,27505,40443.000000,564.160000,13,564.180000,2,564.200000,2,564.220000,2,564.240000,1,564.320000,1,564.340000,2,564.360000,1,564.380000,3,564.400000,9,564.220000
au2408,,13:43:29.0#,560.200000,565.180000,557.700000,627.760000,513.620000,27506,40442.000000,564.160000,13,564.180000,2,564.200000,2,564.220000,1,564.240000,1,564.340000,2,564.360000,1,564.380000,3,564.400000,9,564.420000,13,564.320000
au2408,,13:43:29.500#,560.200000,565.180000,557.700000,627.760000,513.620000,27506,40442.000000,564.160000,13,564.180000,2,564.200000,2,564.220000,1,564.240000,1,564.320000,4,564.340000,4,564.360000,1,564.380000,3,564.400000,6,564.320000
au2408,,13:43:30.0#,560.200000,565.180000,557.700000,627.760000,513.620000,27506,40442.000000,564.160000,10,564.180000,2,564.200000,2,564.220000,1,564.240000,1,564.320000,4,564.340000,4,564.360000,1,564.380000,3,564.400000,15,564.320000
au2408,,13:43:30.500#,560.200000,565.180000,557.700000,627.760000,513.620000,27506,40442.000000,564.160000,10,564.180000,2,564.200000,2,564.220000,1,564.240000,1,564.320000,4,564.340000,4,564.360000,1,564.380000,3,564.400000,12,564.320000
au2408,,13:43:31.0#,560.200000,565.180000,557.700000,627.760000,513.620000,27506,40442.000000,564.160000,10,564.180000,2,564.200000,2,564.220000,1,564.240000,1,564.320000,4,564.340000,4,564.360000,1,564.380000,3,564.400000,12,564.320000
au2408,,13:43:31.500#,560.200000,565.180000,557.700000,627.760000,513.620000,27506,40442.000000,564.160000,10,564.180000,2,564.200000,2,564.220000,1,564.240000,1,564.320000,4,564.340000,4,564.360000,1,564.380000,3,564.400000,12,564.320000
au2408,,13:43:32.0#,560.200000,565.180000,557.700000,627.760000,513.620000,27506,40442.000000,564.160000,7,564.180000,5,564.200000,2,564.220000,1,564.240000,1,564.320000,4,564.340000,4,564.360000,1,564.400000,15,564.420000,15,564.320000
au2408,,13:43:32.500#,560.200000,565.180000,557.700000,627.760000,513.620000,27506,40442.000000,564.140000,16,564.160000,7,564.180000,2,564.200000,2,564.220000,1,564.300000,6,564.320000,6,564.340000,4,564.360000,4,564.380000,3,564.320000
au2408,,13:43:33.0#,560.200000,565.180000,557.700000,627.760000,513.620000,27506,40442.000000,564.140000,6,564.160000,4,564.180000,2,564.200000,2,564.220000,1,564.320000,2,564.340000,4,564.360000,1,564.380000,15,564.400000,12,564.320000
au2408,,13:43:33.500#,560.200000,565.180000,557.700000,627.760000,513.620000,27506,40442.000000,564.140000,9,564.160000,4,564.180000,2,564.200000,2,564.220000,1,564.300000,2,564.320000,2,564.340000,4,564.360000,1,564.380000,6,564.320000
au2408,,13:43:34.0#,560.200000,565.180000,557.700000,627.760000,513.620000,27506,40442.000000,564.140000,9,564.160000,1,564.180000,2,564.200000,1,564.220000,1,564.300000,2,564.320000,2,564.340000,4,564.360000,4,564.380000,9,564.320000
au2408,,13:43:34.500#,560.200000,565.180000,557.700000,627.760000,513.620000,27506,40442.000000,564.140000,6,564.160000,4,564.180000,2,564.200000,1,564.220000,1,564.300000,2,564.320000,2,564.340000,4,564.360000,1,564.380000,12,564.320000
au2408,,13:43:35.0#,560.200000,565.180000,557.700000,627.760000,513.620000,27506,40442.000000,564.140000,9,564.160000,1,564.180000,2,564.200000,1,564.220000,1,564.300000,2,564.320000,2,564.340000,4,564.360000,1,564.380000,12,564.320000
au2408,,13:43:35.500#,560.200000,565.180000,557.700000,627.760000,513.620000,27506,40442.000000,564.140000,9,564.160000,1,564.180000,2,564.200000,1,564.220000,1,564.300000,3,564.320000,2,564.340000,2,564.360000,4,564.380000,12,564.320000
au2408,,13:43:36.0#,560.200000,565.180000,557.700000,627.760000,513.620000,27506,40442.000000,564.140000,9,564.160000,1,564.180000,2,564.200000,1,564.220000,1,564.300000,3,564.320000,2,564.340000,2,564.360000,4,564.380000,12,564.320000
au2408,,13:43:36.500#,560.200000,565.180000,557.700000,627.760000,513.620000,27506,40442.000000,564.140000,9,564.160000,1,564.180000,2,564.200000,1,564.220000,1,564.300000,3,564.340000,2,564.360000,4,564.380000,12,564.400000,12,564.320000
au2408,,13:43:37.0#,560.200000,565.180000,557.700000,627.760000,513.620000,27506,40442.000000,564.140000,6,564.160000,4,564.180000,2,564.200000,1,564.220000,2,564.300000,3,564.340000,2,564.360000,1,564.380000,9,564.400000,15,564.320000
au2408,,13:43:37.500#,560.200000,565.180000,557.700000,627.760000,513.620000,27506,40442.000000,564.160000,1,564.180000,5,564.200000,1,564.220000,2,564.300000,1,564.340000,2,564.360000,1,564.380000,6,564.400000,18,564.420000,6,564.320000
au2408,,13:43:38.0#,560.200000,565.180000,557.700000,627.760000,513.620000,27507,40442.000000,564.160000,6,564.180000,12,564.200000,1,564.220000,2,564.240000,1,564.320000,2,564.360000,1,564.400000,3,564.420000,6,564.440000,6,564.300000
au2408,,13:43:38.500#,560.200000,565.180000,557.700000,627.760000,513.620000,27507,40442.000000,564.200000,4,564.220000,2,564.240000,1,564.260000,2,564.280000,2,564.320000,1,564.360000,1,564.400000,6,564.420000,9,564.440000,12,564.300000
au2408,,13:43:39.0#,560.200000,565.180000,557.700000,627.760000,513.620000,27507,40442.000000,564.220000,5,564.240000,1,564.260000,1,564.280000,2,564.320000,1,564.360000,1,564.440000,13,564.460000,9,564.480000,4,564.540000,1,564.300000
au2408,,13:43:39.500#,560.200000,565.180000,557.700000,627.760000,513.620000,27508,40441.000000,564.200000,10,564.220000,8,564.240000,1,564.260000,1,564.280000,2,564.360000,1,564.440000,3,564.460000,1,564.480000,11,564.500000,2,564.320000
au2408,,13:43:40.0#,560.200000,565.180000,557.700000,627.760000,513.620000,27508,40441.000000,564.200000,16,564.220000,3,564.240000,1,564.260000,1,564.280000,2,564.340000,2,564.360000,1,564.420000,3,564.440000,3,564.460000,11,564.320000
au2408,,13:43:40.500#,560.200000,565.180000,557.700000,627.760000,513.620000,27508,40441.000000,564.200000,10,564.220000,3,564.240000,1,564.260000,1,564.280000,2,564.360000,1,564.420000,3,564.440000,9,564.460000,13,564.480000,10,564.320000
au2408,,13:43:41.0#,560.200000,565.180000,557.700000,627.760000,513.620000,27508,40441.000000,564.180000,15,564.200000,13,564.220000,3,564.240000,1,564.260000,1,564.340000,4,564.360000,1,564.420000,3,564.440000,9,564.460000,11,564.320000
au2408,,13:43:41.500#,560.200000,565.180000,557.700000,627.760000,513.620000,27508,40441.000000,564.180000,9,564.200000,4,564.220000,3,564.240000,1,564.260000,1,564.340000,4,564.360000,2,564.420000,9,564.440000,12,564.460000,7,564.320000
au2408,,13:43:42.0#,560.200000,565.180000,557.700000,627.760000,513.620000,27508,40441.000000,564.200000,4,564.220000,3,564.240000,1,564.260000,1,564.280000,2,564.340000,4,564.360000,2,564.420000,9,564.440000,12,564.460000,10,564.320000
au2408,,13:43:42.500#,560.200000,565.180000,557.700000,627.760000,513.620000,27508,40441.000000,564.180000,9,564.200000,4,564.220000,3,564.240000,1,564.260000,1,564.340000,4,564.360000,2,564.400000,3,564.420000,3,564.440000,10,564.320000
au2408,,13:43:43.0#,560.200000,565.180000,557.700000,627.760000,513.620000,27508,40441.000000,564.200000,1,564.220000,3,564.240000,4,564.260000,1,564.280000,2,564.340000,2,564.360000,2,564.420000,6,564.440000,15,564.460000,13,564.320000
au2408,,13:43:43.500#,560.200000,565.180000,557.700000,627.760000,513.620000,27508,40441.000000,564.180000,13,564.200000,4,564.220000,3,564.240000,1,564.260000,1,564.340000,2,564.360000,2,564.400000,3,564.440000,9,564.460000,13,564.320000
au2408,,13:43:44.0#,560.200000,565.180000,557.700000,627.760000,513.620000,27508,40441.000000,564.200000,4,564.220000,3,564.240000,1,564.260000,1,564.280000,2,564.360000,2,564.420000,9,564.440000,12,564.460000,7,564.480000,7,564.320000
au2408,,13:43:44.500#,560.200000,565.180000,557.700000,627.760000,513.620000,27508,40441.000000,564.180000,9,564.200000,10,564.220000,3,564.240000,1,564.260000,1,564.340000,2,564.360000,2,564.420000,3,564.440000,6,564.460000,11,564.320000
au2408,,13:43:45.0#,560.200000,565.180000,557.700000,627.760000,513.620000,27508,40441.000000,564.200000,4,564.220000,3,564.240000,1,564.260000,1,564.280000,2,564.340000,2,564.360000,2,564.420000,9,564.440000,12,564.460000,7,564.320000
au2408,,13:43:45.500#,560.200000,565.180000,557.700000,627.760000,513.620000,27508,40441.000000,564.200000,7,564.220000,3,564.240000,1,564.260000,1,564.280000,2,564.360000,2,564.420000,3,564.440000,9,564.460000,13,564.480000,1,564.320000
au2408,,13:43:46.0#,560.200000,565.180000,557.700000,627.760000,513.620000,27508,40441.000000,564.200000,13,564.220000,2,564.240000,1,564.260000,1,564.280000,2,564.360000,2,564.420000,3,564.440000,9,564.460000,8,564.480000,6,564.320000
au2408,,13:43:46.500#,560.200000,565.180000,557.700000,627.760000,513.620000,27508,40441.000000,564.200000,13,564.220000,2,564.240000,1,564.260000,1,564.280000,2,564.340000,2,564.360000,2,564.420000,3,564.440000,9,564.460000,8,564.320000
au2408,,13:43:47.0#,560.200000,565.180000,557.700000,627.760000,513.620000,27508,40441.000000,564.200000,7,564.220000,5,564.240000,1,564.260000,1,564.280000,2,564.360000,2,564.440000,12,564.460000,16,564.480000,7,564.540000,1,564.320000
au2408,,13:43:47.500#,560.200000,565.180000,557.700000,627.760000,513.620000,27508,40441.000000,564.200000,10,564.220000,5,564.240000,1,564.260000,1,564.280000,2,564.360000,2,564.440000,9,564.460000,14,564.480000,3,564.540000,4,564.320000
au2408,,13:43:48.0#,560.200000,565.180000,557.700000,627.760000,513.620000,27508,40441.000000,564.200000,10,564.220000,2,564.240000,1,564.260000,1,564.280000,2,564.360000,2,564.420000,3,564.440000,6,564.460000,8,564.480000,3,564.320000
au2408,,13:43:48.500#,560.200000,565.180000,557.700000,627.760000,513.620000,27508,40441.000000,564.200000,10,564.220000,2,564.240000,1,564.260000,1,564.280000,3,564.340000,2,564.360000,2,564.420000,3,564.440000,9,564.460000,4,564.320000
au2408,,13:43:49.0#,560.200000,565.180000,557.700000,627.760000,513.620000,27508,40441.000000,564.200000,10,564.220000,2,564.240000,1,564.260000,1,564.280000,3,564.340000,2,564.360000,2,564.420000,3,564.440000,9,564.460000,12,564.320000
au2408,,13:43:49.500#,560.200000,565.180000,557.700000,627.760000,513.620000,27508,40441.000000,564.200000,10,564.220000,2,564.240000,1,564.260000,1,564.280000,3,564.340000,2,564.360000,2,564.420000,3,564.440000,12,564.460000,12,564.320000
au2408,,13:43:50.0#,560.200000,565.180000,557.700000,627.760000,513.620000,27508,40441.000000,564.200000,10,564.220000,2,564.240000,1,564.260000,1,564.280000,3,564.340000,2,564.360000,2,564.420000,3,564.440000,12,564.460000,15,564.320000
au2408,,13:43:50.500#,560.200000,565.180000,557.700000,627.760000,513.620000,27508,40441.000000,564.200000,10,564.220000,2,564.240000,1,564.260000,1,564.280000,3,564.340000,2,564.360000,2,564.420000,3,564.440000,12,564.460000,15,564.320000
au2408,,13:43:51.0#,560.200000,565.180000,557.700000,627.760000,513.620000,27508,40441.000000,564.200000,10,564.220000,2,564.240000,1,564.260000,1,564.280000,3,564.340000,2,564.360000,2,564.420000,3,564.440000,12,564.460000,15,564.320000
au2408,,13:43:51.500#,560.200000,565.180000,557.700000,627.760000,513.620000,27508,40441.000000,564.200000,10,564.220000,2,564.240000,1,564.260000,1,564.280000,3,564.340000,2,564.360000,2,564.420000,3,564.440000,12,564.460000,15,564.320000
au2408,,13:43:52.0#,560.200000,565.180000,557.700000,627.760000,513.620000,27508,40441.000000,564.200000,10,564.220000,2,564.240000,1,564.260000,1,564.280000,3,564.340000,2,564.360000,2,564.420000,3,564.440000,12,564.460000,15,564.320000
au2408,,13:43:52.500#,560.200000,565.180000,557.700000,627.760000,513.620000,27508,40441.000000,564.200000,10,564.220000,2,564.240000,1,564.260000,1,564.280000,3,564.340000,2,564.360000,2,564.420000,3,564.440000,12,564.460000,15,564.320000
au2408,,13:43:53.0#,560.200000,565.180000,557.700000,627.760000,513.620000,27508,40441.000000,564.200000,10,564.220000,2,564.240000,1,564.260000,1,564.280000,3,564.340000,2,564.360000,2,564.420000,3,564.440000,12,564.460000,15,564.320000
au2408,,13:43:53.500#,560.200000,565.180000,557.700000,627.760000,513.620000,27509,40441.000000,564.180000,19,564.200000,7,564.220000,2,564.240000,1,564.260000,1,564.340000,2,564.360000,2,564.400000,3,564.420000,3,564.440000,9,564.280000
au2408,,13:43:54.0#,560.200000,565.180000,557.700000,627.760000,513.620000,27509,40441.000000,564.180000,13,564.200000,1,564.220000,2,564.240000,1,564.260000,1,564.340000,2,564.360000,2,564.400000,3,564.420000,9,564.440000,15,564.280000
au2408,,13:43:54.500#,560.200000,565.180000,557.700000,627.760000,513.620000,27509,40441.000000,564.220000,2,564.240000,4,564.260000,1,564.280000,2,564.300000,2,564.360000,2,564.420000,6,564.440000,18,564.460000,6,564.480000,3,564.280000
au2408,,13:43:55.0#,560.200000,565.180000,557.700000,627.760000,513.620000,27509,40441.000000,564.180000,5,564.200000,11,564.220000,5,564.240000,1,564.260000,1,564.320000,2,564.340000,2,564.360000,2,564.400000,3,564.440000,3,564.280000
au2408,,13:43:55.500#,560.200000,565.180000,557.700000,627.760000,513.620000,27509,40441.000000,564.240000,4,564.260000,1,564.280000,4,564.300000,2,564.320000,1,564.360000,1,564.400000,3,564.420000,7,564.440000,8,564.460000,9,564.280000
au2408,,13:43:56.0#,560.200000,565.180000,557.700000,627.760000,513.620000,27510,40440.000000,564.180000,3,564.200000,13,564.220000,8,564.240000,4,564.260000,1,564.340000,4,564.360000,3,564.400000,3,564.440000,6,564.460000,6,564.320000
au2408,,13:43:56.500#,560.200000,565.180000,557.700000,627.760000,513.620000,27510,40440.000000,564.180000,9,564.200000,1,564.220000,2,564.240000,1,564.260000,1,564.320000,1,564.340000,6,564.360000,1,564.400000,3,564.420000,9,564.320000
au2408,,13:43:57.0#,560.200000,565.180000,557.700000,627.760000,513.620000,27510,40440.000000,564.180000,6,564.200000,4,564.220000,2,564.240000,1,564.260000,1,564.340000,3,564.360000,1,564.420000,15,564.440000,15,564.520000,1,564.320000
au2408,,13:43:57.500#,560.200000,565.180000,557.700000,627.760000,513.620000,27510,40440.000000,564.180000,9,564.200000,1,564.220000,2,564.240000,1,564.260000,1,564.320000,2,564.340000,5,564.360000,1,564.400000,3,564.420000,12,564.320000
au2408,,13:43:58.0#,560.200000,565.180000,557.700000,627.760000,513.620000,27510,40440.000000,564.180000,6,564.200000,1,564.220000,2,564.240000,1,564.260000,1,564.320000,2,564.340000,3,564.360000,1,564.400000,6,564.420000,16,564.320000
au2408,,13:43:58.500#,560.200000,565.180000,557.700000,627.760000,513.620000,27510,40440.000000,564.180000,6,564.200000,1,564.220000,2,564.240000,1,564.260000,1,564.320000,2,564.340000,3,564.360000,1,564.400000,3,564.420000,16,564.320000
au2408,,13:43:59.0#,560.200000,565.180000,557.700000,627.760000,513.620000,27510,40440.000000,564.180000,6,564.200000,1,564.220000,2,564.240000,1,564.260000,1,564.320000,2,564.340000,3,564.360000,1,564.400000,3,564.420000,16,564.320000
au2408,,13:43:59.500#,560.200000,565.180000,557.700000,627.760000,513.620000,27510,40440.000000,564.180000,6,564.200000,1,564.220000,2,564.240000,1,564.260000,1,564.320000,2,564.340000,3,564.360000,1,564.400000,3,564.420000,16,564.320000
au2408,,13:44:00.0#,560.200000,565.180000,557.700000,627.760000,513.620000,27510,40440.000000,564.180000,6,564.200000,1,564.220000,2,564.240000,1,564.260000,1,564.320000,2,564.340000,3,564.360000,1,564.400000,3,564.420000,16,564.320000
au2408,,13:44:00.500#,560.200000,565.180000,557.700000,627.760000,513.620000,27510,40440.000000,564.180000,6,564.200000,1,564.220000,2,564.240000,1,564.260000,1,564.320000,2,564.340000,3,564.360000,1,564.400000,3,564.420000,16,564.320000
au2408,,13:44:01.0#,560.200000,565.180000,557.700000,627.760000,513.620000,27510,40440.000000,564.180000,6,564.200000,1,564.220000,2,564.240000,1,564.260000,1,564.320000,2,564.340000,1,564.360000,1,564.400000,3,564.420000,16,564.320000
au2408,,13:44:01.500#,560.200000,565.180000,557.700000,627.760000,513.620000,27510,40440.000000,564.180000,6,564.200000,1,564.220000,2,564.240000,1,564.260000,1,564.320000,2,564.340000,1,564.360000,1,564.400000,3,564.420000,16,564.320000
au2408,,13:44:02.0#,560.200000,565.180000,557.700000,627.760000,513.620000,27510,40440.000000,564.180000,6,564.200000,1,564.220000,2,564.240000,1,564.260000,1,564.320000,2,564.340000,1,564.360000,1,564.400000,3,564.420000,16,564.320000
au2408,,13:44:02.500#,560.200000,565.180000,557.700000,627.760000,513.620000,27510,40440.000000,564.180000,3,564.200000,1,564.220000,2,564.240000,1,564.260000,1,564.320000,2,564.340000,1,564.360000,1,564.380000,3,564.420000,16,564.320000
au2408,,13:44:03.0#,560.200000,565.180000,557.700000,627.760000,513.620000,27511,40440.000000,564.160000,10,564.180000,3,564.200000,1,564.220000,2,564.240000,1,564.300000,1,564.320000,2,564.340000,1,564.360000,1,564.380000,3,564.260000
au2408,,13:44:03.500#,560.200000,565.180000,557.700000,627.760000,513.620000,27511,40440.000000,564.140000,7,564.160000,7,564.200000,1,564.220000,2,564.240000,1,564.340000,1,564.360000,1,564.380000,6,564.400000,9,564.420000,9,564.260000
au2408,,13:44:04.0#,560.200000,565.180000,557.700000,627.760000,513.620000,27511,40440.000000,564.160000,8,564.180000,3,564.200000,1,564.220000,2,564.240000,1,564.300000,2,564.320000,7,564.340000,3,564.360000,1,564.380000,3,564.260000
au2408,,13:44:04.500#,560.200000,565.180000,557.700000,627.760000,513.620000,27511,40440.000000,564.160000,4,564.200000,4,564.220000,2,564.240000,1,564.260000,2,564.340000,1,564.360000,1,564.380000,6,564.400000,10,564.420000,11,564.260000
au2408,,13:44:05.0#,560.200000,565.180000,557.700000,627.760000,513.620000,27511,40440.000000,564.160000,10,564.180000,9,564.200000,1,564.220000,2,564.240000,1,564.320000,4,564.340000,1,564.360000,1,564.400000,3,564.420000,9,564.260000
au2408,,13:44:05.500#,560.200000,565.180000,557.700000,627.760000,513.620000,27511,40440.000000,564.200000,4,564.220000,2,564.240000,2,564.260000,2,564.280000,1,564.340000,1,564.360000,1,564.400000,6,564.420000,18,564.440000,9,564.260000
au2408,,13:44:06.0#,560.200000,565.180000,557.700000,627.760000,513.620000,27511,40440.000000,564.200000,4,564.220000,2,564.240000,2,564.260000,2,564.280000,1,564.340000,1,564.360000,1,564.400000,3,564.440000,12,564.460000,9,564.260000
au2408,,13:44:06.500#,560.200000,565.180000,557.700000,627.760000,513.620000,27511,40440.000000,564.200000,4,564.220000,2,564.240000,2,564.260000,2,564.280000,1,564.340000,1,564.360000,1,564.420000,3,564.440000,9,564.460000,9,564.260000
au2408,,13:44:07.0#,560.200000,565.180000,557.700000,627.760000,513.620000,27511,40440.000000,564.200000,7,564.220000,2,564.240000,2,564.260000,2,564.280000,1,564.340000,1,564.360000,1,564.420000,3,564.440000,9,564.460000,9,564.260000
au2408,,13:44:07.500#,560.200000,565.180000,557.700000,627.760000,513.620000,27511,40440.000000,564.200000,7,564.220000,2,564.240000,2,564.260000,2,564.280000,1,564.340000,1,564.360000,1,564.400000,3,564.440000,12,564.460000,9,564.260000
au2408,,13:44:08.0#,560.200000,565.180000,557.700000,627.760000,513.620000,27512,40440.000000,564.180000,13,564.200000,10,564.220000,2,564.240000,2,564.260000,2,564.340000,1,564.360000,1,564.420000,3,564.440000,12,564.460000,9,564.280000
au2408,,13:44:08.500#,560.200000,565.180000,557.700000,627.760000,513.620000,27512,40440.000000,564.180000,9,564.200000,4,564.220000,2,564.240000,2,564.260000,2,564.320000,2,564.340000,1,564.360000,1,564.420000,6,564.440000,13,564.280000
au2408,,13:44:09.0#,560.200000,565.180000,557.700000,627.760000,513.620000,27512,40440.000000,564.180000,6,564.200000,4,564.220000,2,564.240000,2,564.260000,2,564.340000,1,564.360000,1,564.420000,9,564.440000,18,564.460000,6,564.280000
au2408,,13:44:09.500#,560.200000,565.180000,557.700000,627.760000,513.620000,27512,40440.000000,564.180000,9,564.200000,4,564.220000,2,564.240000,2,564.260000,2,564.340000,1,564.360000,1,564.420000,6,564.440000,13,564.460000,8,564.280000
au2408,,13:44:10.0#,560.200000,565.180000,557.700000,627.760000,513.620000,27512,40440.000000,564.180000,9,564.200000,4,564.220000,2,564.240000,2,564.260000,2,564.340000,1,564.360000,1,564.420000,6,564.440000,13,564.460000,8,564.280000
au2408,,13:44:10.500#,560.200000,565.180000,557.700000,627.760000,513.620000,27512,40440.000000,564.180000,9,564.200000,4,564.220000,2,564.240000,2,564.260000,2,564.340000,1,564.360000,1,564.420000,6,564.440000,13,564.460000,8,564.280000
au2408,,13:44:11.0#,560.200000,565.180000,557.700000,627.760000,513.620000,27512,40440.000000,564.180000,9,564.200000,4,564.220000,2,564.240000,2,564.260000,2,564.340000,1,564.360000,1,564.420000,6,564.440000,13,564.460000,8,564.280000
au2408,,13:44:11.500#,560.200000,565.180000,557.700000,627.760000,513.620000,27512,40440.000000,564.180000,9,564.200000,4,564.220000,2,564.240000,2,564.260000,2,564.340000,1,564.360000,1,564.420000,6,564.440000,13,564.460000,8,564.280000
au2408,,13:44:12.0#,560.200000,565.180000,557.700000,627.760000,513.620000,27512,40440.000000,564.180000,9,564.200000,4,564.220000,2,564.240000,2,564.260000,2,564.340000,1,564.360000,1,564.420000,6,564.440000,13,564.460000,8,564.280000
au2408,,13:44:12.500#,560.200000,565.180000,557.700000,627.760000,513.620000,27512,40440.000000,564.180000,9,564.200000,4,564.220000,2,564.240000,2,564.260000,2,564.340000,1,564.360000,1,564.420000,6,564.440000,13,564.460000,8,564.280000
au2408,,13:44:13.0#,560.200000,565.180000,557.700000,627.760000,513.620000,27512,40440.000000,564.180000,9,564.200000,4,564.220000,2,564.240000,2,564.260000,2,564.360000,1,564.420000,6,564.440000,13,564.460000,8,564.480000,6,564.280000
au2408,,13:44:13.500#,560.200000,565.180000,557.700000,627.760000,513.620000,27512,40440.000000,564.200000,7,564.220000,2,564.240000,2,564.260000,2,564.280000,1,564.360000,1,564.420000,3,564.440000,12,564.460000,6,564.480000,9,564.280000
au2408,,13:44:14.0#,560.200000,565.180000,557.700000,627.760000,513.620000,27512,40440.000000,564.200000,13,564.220000,2,564.240000,2,564.260000,2,564.280000,1,564.360000,1,564.420000,3,564.440000,9,564.460000,4,564.480000,8,564.280000
au2408,,13:44:14.500#,560.200000,565.180000,557.700000,627.760000,513.620000,27512,40440.000000,564.200000,13,564.220000,2,564.240000,2,564.260000,2,564.280000,1,564.360000,1,564.420000,3,564.440000,9,564.460000,4,564.480000,8,564.280000
au2408,,13:44:15.0#,560.200000,565.180000,557.700000,627.760000,513.620000,27512,40440.000000,564.200000,13,564.220000,2,564.240000,2,564.260000,2,564.280000,1,564.360000,1,564.420000,3,564.440000,9,564.460000,4,564.480000,8,564.280000
au2408,,13:44:15.500#,560.200000,565.180000,557.700000,627.760000,513.620000,27512,40440.000000,564.200000,13,564.220000,2,564.240000,2,564.260000,2,564.280000,1,564.360000,2,564.420000,3,564.440000,9,564.460000,4,564.480000,8,564.280000
au2408,,13:44:16.0#,560.200000,565.180000,557.700000,627.760000,513.620000,27512,40440.000000,564.200000,7,564.220000,4,564.240000,2,564.260000,2,564.280000,1,564.360000,2,564.440000,12,564.460000,9,564.480000,6,564.500000,6,564.280000
au2408,,13:44:16.500#,560.200000,565.180000,557.700000,627.760000,513.620000,27512,40440.000000,564.200000,7,564.220000,4,564.240000,2,564.260000,2,564.280000,1,564.360000,2,564.440000,9,564.460000,12,564.500000,6,564.540000,1,564.280000
au2408,,13:44:17.0#,560.200000,565.180000,557.700000,627.760000,513.620000,27513,40440.000000,564.180000,7,564.200000,7,564.220000,4,564.240000,2,564.260000,2,564.360000,2,564.440000,9,564.460000,12,564.540000,4,564.560000,2,564.280000
au2408,,13:44:17.500#,560.200000,565.180000,557.700000,627.760000,513.620000,27514,40440.000000,564.200000,7,564.220000,1,564.240000,2,564.260000,2,564.280000,1,564.360000,2,564.420000,3,564.440000,6,564.460000,12,564.520000,1,564.280000
au2408,,13:44:18.0#,560.200000,565.180000,557.700000,627.760000,513.620000,27515,40439.000000,564.180000,7,564.200000,10,564.220000,1,564.240000,2,564.260000,1,564.340000,2,564.360000,2,564.420000,3,564.440000,9,564.460000,9,564.260000
au2408,,13:44:18.500#,560.200000,565.180000,557.700000,627.760000,513.620000,27515,40439.000000,564.200000,1,564.220000,4,564.240000,2,564.260000,1,564.280000,1,564.340000,1,564.360000,2,564.420000,6,564.440000,9,564.460000,12,564.260000
au2408,,13:44:19.0#,560.200000,565.180000,557.700000,627.760000,513.620000,27516,40439.000000,564.180000,10,564.200000,4,564.220000,4,564.240000,2,564.260000,1,564.340000,1,564.360000,2,564.440000,6,564.460000,18,564.540000,1,564.280000
au2408,,13:44:19.500#,560.200000,565.180000,557.700000,627.760000,513.620000,27517,40439.000000,564.200000,1,564.220000,4,564.240000,2,564.260000,1,564.280000,1,564.360000,2,564.420000,3,564.440000,7,564.460000,11,564.520000,1,564.280000
au2408,,13:44:20.0#,560.200000,565.180000,557.700000,627.760000,513.620000,27517,40439.000000,564.200000,4,564.220000,4,564.240000,2,564.260000,1,564.280000,1,564.340000,1,564.360000,1,564.440000,6,564.460000,9,564.520000,3,564.280000
au2408,,13:44:20.500#,560.200000,565.180000,557.700000,627.760000,513.620000,27517,40439.000000,564.240000,2,564.260000,1,564.280000,1,564.300000,1,564.340000,1,564.360000,1,564.440000,9,564.460000,9,564.480000,3,564.520000,3,564.280000
au2408,,13:44:21.0#,560.200000,565.180000,557.700000,627.760000,513.620000,27518,40438.000000,564.200000,3,564.220000,11,564.240000,5,564.260000,1,564.300000,1,564.360000,1,564.440000,3,564.460000,3,564.480000,3,564.500000,6,564.340000
au2408,,13:44:21.500#,560.200000,565.180000,557.700000,627.760000,513.620000,27519,40437.000000,564.180000,2,564.200000,17,564.220000,7,564.240000,2,564.300000,1,564.440000,3,564.460000,6,564.480000,9,564.500000,9,564.560000,3,564.360000
au2408,,13:44:22.0#,560.200000,565.180000,557.700000,627.760000,513.620000,27520,40436.000000,564.180000,4,564.200000,4,564.220000,7,564.240000,11,564.300000,1,564.400000,6,564.420000,9,564.460000,3,564.480000,6,564.500000,10,564.400000
au2408,,13:44:22.500#,560.200000,565.180000,557.700000,627.760000,513.620000,27522,40434.000000,564.180000,3,564.200000,10,564.220000,9,564.240000,2,564.260000,1,564.380000,1,564.400000,7,564.420000,8,564.440000,3,564.460000,3,564.380000
au2408,,13:44:23.0#,560.200000,565.180000,557.700000,627.760000,513.620000,27522,40434.000000,564.240000,5,564.260000,1,564.280000,3,564.300000,1,564.320000,1,564.380000,1,564.400000,5,564.420000,8,564.440000,3,564.460000,10,564.380000
au2408,,13:44:23.500#,560.200000,565.180000,557.700000,627.760000,513.620000,27523,40433.000000,564.200000,9,564.220000,10,564.240000,5,564.260000,1,564.280000,3,564.360000,1,564.380000,1,564.400000,2,564.420000,8,564.440000,3,564.380000
au2408,,13:44:24.0#,560.200000,565.180000,557.700000,627.760000,513.620000,27524,40432.000000,564.240000,2,564.260000,1,564.280000,3,564.300000,1,564.320000,1,564.420000,8,564.440000,9,564.460000,10,564.480000,8,564.500000,3,564.360000
au2408,,13:44:24.500#,560.200000,565.180000,557.700000,627.760000,513.620000,27524,40432.000000,564.240000,11,564.260000,1,564.280000,3,564.300000,1,564.320000,1,564.380000,2,564.400000,5,564.420000,8,564.460000,3,564.500000,19,564.360000
au2408,,13:44:25.0#,560.200000,565.180000,557.700000,627.760000,513.620000,27525,40432.000000,564.220000,15,564.240000,5,564.260000,1,564.280000,3,564.300000,1,564.360000,1,564.380000,2,564.400000,4,564.420000,9,564.440000,3,564.320000
au2408,,13:44:25.500#,560.200000,565.180000,557.700000,627.760000,513.620000,27525,40432.000000,564.220000,9,564.240000,2,564.260000,1,564.280000,3,564.300000,1,564.360000,1,564.380000,2,564.400000,3,564.420000,8,564.440000,6,564.320000
au2408,,13:44:26.0#,560.200000,565.180000,557.700000,627.760000,513.620000,27526,40431.000000,564.200000,14,564.220000,6,564.240000,2,564.260000,1,564.280000,3,564.360000,1,564.380000,2,564.420000,11,564.440000,3,564.460000,9,564.300000
au2408,,13:44:26.500#,560.200000,565.180000,557.700000,627.760000,513.620000,27527,40431.000000,564.200000,13,564.220000,3,564.240000,2,564.260000,1,564.280000,3,564.360000,1,564.380000,2,564.420000,8,564.440000,6,564.460000,10,564.300000
au2408,,13:44:27.0#,560.200000,565.180000,557.700000,627.760000,513.620000,27528,40431.000000,564.180000,12,564.200000,16,564.240000,2,564.260000,1,564.280000,2,564.360000,1,564.380000,2,564.420000,11,564.440000,3,564.460000,10,564.280000
au2408,,13:44:27.500#,560.200000,565.180000,557.700000,627.760000,513.620000,27528,40431.000000,564.200000,10,564.220000,3,564.240000,2,564.260000,1,564.280000,2,564.360000,1,564.380000,2,564.420000,8,564.440000,6,564.460000,10,564.280000
au2408,,13:44:28.0#,560.200000,565.180000,557.700000,627.760000,513.620000,27529,40431.000000,564.200000,13,564.220000,3,564.240000,2,564.260000,1,564.280000,2,564.380000,2,564.420000,8,564.440000,6,564.460000,10,564.480000,11,564.360000
au2408,,13:44:28.500#,560.200000,565.180000,557.700000,627.760000,513.620000,27529,40431.000000,564.220000,6,564.240000,2,564.260000,1,564.280000,2,564.300000,1,564.360000,2,564.380000,2,564.420000,8,564.440000,3,564.460000,6,564.360000
au2408,,13:44:29.0#,560.200000,565.180000,557.700000,627.760000,513.620000,27531,40429.000000,564.200000,13,564.220000,6,564.240000,2,564.260000,1,564.280000,2,564.360000,1,564.380000,2,564.420000,8,564.440000,6,564.460000,10,564.360000
au2408,,13:44:29.500#,560.200000,565.180000,557.700000,627.760000,513.620000,27531,40429.000000,564.200000,13,564.220000,3,564.240000,2,564.260000,1,564.280000,2,564.300000,5,564.360000,1,564.380000,2,564.420000,8,564.440000,6,564.360000
au2408,,13:44:30.0#,560.200000,565.180000,557.700000,627.760000,513.620000,27533,40428.000000,564.180000,3,564.200000,7,564.220000,3,564.240000,2,564.260000,1,564.300000,4,564.400000,3,564.420000,15,564.440000,11,564.460000,6,564.300000
au2408,,13:44:30.500#,560.200000,565.180000,557.700000,627.760000,513.620000,27535,40427.000000,564.160000,13,564.180000,3,564.200000,4,564.240000,2,564.260000,2,564.300000,3,564.400000,6,564.420000,14,564.440000,3,564.460000,12,564.300000
au2408,,13:44:31.0#,560.200000,565.180000,557.700000,627.760000,513.620000,27536,40426.000000,564.140000,16,564.160000,10,564.200000,4,564.240000,2,564.260000,2,564.300000,2,564.360000,1,564.400000,6,564.420000,14,564.460000,15,564.300000
au2408,,13:44:31.500#,560.200000,565.180000,557.700000,627.760000,513.620000,27539,40425.000000,564.140000,18,564.160000,7,564.180000,3,564.200000,1,564.240000,2,564.300000,1,564.360000,1,564.400000,6,564.420000,12,564.440000,11,564.300000
au2408,,13:44:32.0#,560.200000,565.180000,557.700000,627.760000,513.620000,27540,40424.000000,564.160000,4,564.180000,3,564.200000,1,564.240000,2,564.300000,1,564.360000,1,564.400000,6,564.420000,11,564.440000,12,564.500000,1,564.300000
au2408,,13:44:32.500#,560.200000,565.180000,557.700000,627.760000,513.620000,27542,40423.000000,564.140000,6,564.160000,4,564.180000,5,564.200000,5,564.240000,2,564.300000,2,564.320000,4,564.340000,5,564.360000,1,564.400000,3,564.300000
au2408,,13:44:33.0#,560.200000,565.180000,557.700000,627.760000,513.620000,27543,40423.000000,564.120000,11,564.140000,7,564.160000,7,564.200000,1,564.240000,2,564.300000,1,564.320000,6,564.340000,4,564.360000,1,564.380000,3,564.300000
au2408,,13:44:33.500#,560.200000,565.180000,557.700000,627.760000,513.620000,27544,40423.000000,564.120000,11,564.140000,7,564.160000,7,564.200000,1,564.240000,1,564.300000,1,564.320000,2,564.340000,3,564.360000,1,564.380000,6,564.240000
au2408,,13:44:34.0#,560.200000,565.180000,557.700000,627.760000,513.620000,27545,40423.000000,564.100000,9,564.120000,8,564.140000,10,564.160000,4,564.200000,1,564.300000,1,564.320000,2,564.340000,3,564.360000,4,564.380000,3,564.240000
au2408,,13:44:34.500#,560.200000,565.180000,557.700000,627.760000,513.620000,27545,40423.000000,564.120000,7,564.140000,6,564.160000,1,564.200000,1,564.220000,2,564.280000,2,564.300000,1,564.320000,2,564.340000,3,564.360000,4,564.240000
au2408,,13:44:35.0#,560.200000,565.180000,557.700000,627.760000,513.620000,27547,40423.000000,564.120000,13,564.140000,6,564.160000,1,564.200000,1,564.220000,1,564.280000,1,564.300000,2,564.320000,2,564.340000,3,564.360000,6,564.280000
au2408,,13:44:35.500#,560.200000,565.180000,557.700000,627.760000,513.620000,27548,40423.000000,564.100000,8,564.120000,13,564.140000,6,564.160000,1,564.200000,1,564.300000,2,564.320000,2,564.340000,3,564.360000,6,564.380000,9,564.280000
au2408,,13:44:36.0#,560.200000,565.180000,557.700000,627.760000,513.620000,27549,40422.000000,564.100000,12,564.120000,9,564.140000,3,564.160000,1,564.200000,1,564.280000,1,564.300000,1,564.320000,2,564.340000,3,564.360000,6,564.280000
au2408,,13:44:36.500#,560.200000,565.180000,557.700000,627.760000,513.620000,27549,40422.000000,564.120000,9,564.140000,3,564.160000,1,564.200000,1,564.220000,3,564.280000,1,564.300000,1,564.320000,2,564.340000,3,564.360000,9,564.280000
au2408,,13:44:37.0#,560.200000,565.180000,557.700000,627.760000,513.620000,27550,40421.000000,564.120000,16,564.140000,3,564.160000,4,564.200000,1,564.220000,2,564.280000,1,564.300000,1,564.320000,2,564.340000,3,564.360000,3,564.280000
au2408,,13:44:37.500#,560.200000,565.180000,557.700000,627.760000,513.620000,27551,40420.000000,564.120000,13,564.160000,4,564.200000,1,564.220000,2,564.240000,1,564.320000,2,564.340000,3,564.360000,3,564.380000,9,564.400000,6,564.280000
au2408,,13:44:38.0#,560.200000,565.180000,557.700000,627.760000,513.620000,27553,40418.000000,564.120000,8,564.140000,10,564.160000,7,564.200000,1,564.220000,2,564.300000,1,564.340000,3,564.380000,3,564.400000,12,564.420000,18,564.300000
au2408,,13:44:38.500#,560.200000,565.180000,557.700000,627.760000,513.620000,27553,40418.000000,564.120000,15,564.140000,9,564.160000,1,564.200000,1,564.220000,2,564.300000,1,564.340000,3,564.360000,3,564.380000,3,564.400000,10,564.300000
au2408,,13:44:39.0#,560.200000,565.180000,557.700000,627.760000,513.620000,27555,40418.000000,564.120000,12,564.140000,9,564.160000,1,564.200000,1,564.220000,1,564.280000,1,564.300000,1,564.340000,3,564.360000,3,564.380000,3,564.220000
au2408,,13:44:39.500#,560.200000,565.180000,557.700000,627.760000,513.620000,27557,40417.000000,564.120000,10,564.140000,3,564.160000,1,564.200000,1,564.220000,1,564.280000,1,564.300000,1,564.340000,3,564.360000,3,564.380000,6,564.280000
au2408,,13:44:40.0#,560.200000,565.180000,557.700000,627.760000,513.620000,27558,40416.000000,564.120000,10,564.140000,3,564.160000,4,564.200000,1,564.220000,1,564.300000,1,564.340000,3,564.380000,15,564.400000,15,564.420000,3,564.280000
au2408,,13:44:40.500#,560.200000,565.180000,557.700000,627.760000,513.620000,27558,40416.000000,564.120000,9,564.140000,6,564.160000,4,564.200000,1,564.220000,1,564.300000,1,564.340000,3,564.380000,6,564.400000,13,564.420000,8,564.280000
au2408,,13:44:41.0#,560.200000,565.180000,557.700000,627.760000,513.620000,27560,40414.000000,564.120000,9,564.140000,9,564.160000,1,564.200000,2,564.240000,1,564.300000,1,564.340000,3,564.360000,3,564.380000,3,564.400000,10,564.280000
au2408,,13:44:41.500#,560.200000,565.180000,557.700000,627.760000,513.620000,27561,40414.000000,564.100000,9,564.120000,11,564.140000,7,564.160000,4,564.200000,2,564.280000,1,564.300000,1,564.340000,6,564.400000,18,564.420000,12,564.240000
au2408,,13:44:42.0#,560.200000,565.180000,557.700000,627.760000,513.620000,27561,40414.000000,564.100000,18,564.120000,9,564.160000,1,564.200000,1,564.220000,1,564.280000,2,564.300000,1,564.340000,6,564.360000,3,564.380000,7,564.240000
au2408,,13:44:42.500#,560.200000,565.180000,557.700000,627.760000,513.620000,27561,40414.000000,564.100000,21,564.120000,6,564.160000,4,564.200000,1,564.220000,1,564.280000,3,564.300000,1,564.340000,3,564.360000,3,564.380000,16,564.240000
au2408,,13:44:43.0#,560.200000,565.180000,557.700000,627.760000,513.620000,27564,40413.000000,564.120000,6,564.140000,3,564.160000,1,564.200000,1,564.220000,1,564.260000,1,564.280000,1,564.300000,1,564.340000,3,564.360000,6,564.280000
au2408,,13:44:43.500#,560.200000,565.180000,557.700000,627.760000,513.620000,27565,40412.000000,564.100000,18,564.120000,9,564.160000,4,564.200000,1,564.220000,1,564.280000,1,564.340000,3,564.360000,6,564.380000,13,564.400000,8,564.260000
au2408,,13:44:44.0#,560.200000,565.180000,557.700000,627.760000,513.620000,27566,40412.000000,564.140000,3,564.160000,4,564.200000,1,564.220000,1,564.240000,3,564.340000,3,564.380000,9,564.400000,18,564.420000,3,564.480000,1,564.280000
au2408,,13:44:44.500#,560.200000,565.180000,557.700000,627.760000,513.620000,27568,40411.000000,564.140000,8,564.160000,8,564.180000,3,564.200000,1,564.220000,1,564.320000,5,564.340000,3,564.360000,3,564.400000,6,564.420000,6,564.300000
au2408,,13:44:45.0#,560.200000,565.180000,557.700000,627.760000,513.620000,27568,40411.000000,564.140000,12,564.160000,1,564.200000,1,564.220000,1,564.240000,1,564.320000,7,564.340000,1,564.360000,3,564.380000,3,564.400000,13,564.300000
au2408,,13:44:45.500#,560.200000,565.180000,557.700000,627.760000,513.620000,27569,40411.000000,564.140000,13,564.160000,4,564.200000,1,564.220000,1,564.240000,1,564.300000,1,564.320000,7,564.340000,1,564.360000,3,564.400000,18,564.240000
au2408,,13:44:46.0#,560.200000,565.180000,557.700000,627.760000,513.620000,27571,40412.000000,564.120000,11,564.140000,13,564.160000,4,564.200000,1,564.220000,1,564.320000,5,564.340000,1,564.360000,3,564.400000,21,564.420000,9,564.300000
au2408,,13:44:46.500#,560.200000,565.180000,557.700000,627.760000,513.620000,27572,40412.000000,564.100000,3,564.120000,15,564.140000,9,564.160000,1,564.200000,1,564.280000,2,564.320000,5,564.340000,1,564.360000,3,564.380000,3,564.220000
au2408,,13:44:47.0#,560.200000,565.180000,557.700000,627.760000,513.620000,27573,40411.000000,564.140000,3,564.160000,1,564.200000,1,564.220000,4,564.240000,1,564.280000,1,564.320000,2,564.340000,1,564.360000,9,564.380000,9,564.280000
au2408,,13:44:47.500#,560.200000,565.180000,557.700000,627.760000,513.620000,27575,40409.000000,564.120000,9,564.140000,9,564.160000,1,564.200000,1,564.220000,4,564.320000,2,564.340000,1,564.360000,3,564.380000,3,564.400000,16,564.280000
au2408,,13:44:48.0#,560.200000,565.180000,557.700000,627.760000,513.620000,27576,40409.000000,564.120000,8,564.140000,7,564.160000,7,564.200000,1,564.220000,4,564.240000,5,564.300000,1,564.340000,3,564.380000,3,564.400000,12,564.240000
au2408,,13:44:48.500#,560.200000,565.180000,557.700000,627.760000,513.620000,27584,40409.000000,564.120000,6,564.160000,1,564.200000,1,564.220000,2,564.240000,1,564.300000,1,564.320000,1,564.340000,9,564.360000,7,564.380000,2,564.220000
au2408,,13:44:49.0#,560.200000,565.180000,557.700000,627.760000,513.620000,27584,40409.000000,564.120000,5,564.140000,7,564.160000,4,564.200000,1,564.240000,3,564.300000,1,564.320000,1,564.340000,3,564.380000,6,564.400000,6,564.220000
au2408,,13:44:49.500#,560.200000,565.180000,557.700000,627.760000,513.620000,27585,40408.000000,564.120000,8,564.140000,7,564.160000,7,564.200000,1,564.240000,2,564.280000,2,564.300000,1,564.320000,1,564.340000,3,564.380000,3,564.240000
au2408,,13:44:50.0#,560.200000,565.180000,557.700000,627.760000,513.620000,27588,40407.000000,564.100000,6,564.120000,9,564.140000,6,564.160000,1,564.200000,1,564.280000,2,564.300000,1,564.320000,1,564.340000,3,564.360000,3,564.280000
au2408,,13:44:50.500#,560.200000,565.180000,557.700000,627.760000,513.620000,27588,40407.000000,564.080000,8,564.100000,13,564.140000,3,564.160000,1,564.200000,1,564.260000,1,564.280000,2,564.300000,1,564.320000,1,564.340000,3,564.280000
au2408,,13:44:51.0#,560.200000,565.180000,557.700000,627.760000,513.620000,27588,40407.000000,564.080000,8,564.100000,10,564.140000,3,564.160000,2,564.200000,1,564.260000,2,564.280000,2,564.300000,1,564.320000,1,564.340000,6,564.280000
au2408,,13:44:51.500#,560.200000,565.180000,557.700000,627.760000,513.620000,27589,40406.000000,564.060000,10,564.080000,9,564.100000,9,564.120000,3,564.160000,1,564.260000,2,564.280000,3,564.300000,1,564.320000,1,564.340000,12,564.200000
au2408,,13:44:52.0#,560.200000,565.180000,557.700000,627.760000,513.620000,27589,40406.000000,564.080000,6,564.100000,3,564.120000,3,564.160000,1,564.180000,4,564.240000,1,564.260000,2,564.280000,3,564.300000,1,564.320000,5,564.200000
au2408,,13:44:52.500#,560.200000,565.180000,557.700000,627.760000,513.620000,27589,40406.000000,564.080000,13,564.100000,3,564.120000,3,564.160000,1,564.180000,4,564.240000,1,564.260000,3,564.280000,1,564.300000,1,564.320000,5,564.200000
au2408,,13:44:53.0#,560.200000,565.180000,557.700000,627.760000,513.620000,27589,40406.000000,564.080000,13,564.120000,3,564.140000,1,564.160000,1,564.180000,4,564.240000,1,564.260000,3,564.280000,2,564.300000,1,564.320000,5,564.200000
au2408,,13:44:53.500#,560.200000,565.180000,557.700000,627.760000,513.620000,27589,40406.000000,564.100000,3,564.120000,3,564.140000,1,564.160000,1,564.180000,4,564.240000,2,564.260000,3,564.280000,2,564.320000,5,564.340000,16,564.200000
au2408,,13:44:54.0#,560.200000,565.180000,557.700000,627.760000,513.620000,27590,40405.000000,564.080000,13,564.100000,9,564.140000,1,564.160000,1,564.180000,2,564.240000,3,564.260000,3,564.280000,2,564.320000,5,564.340000,13,564.180000
au2408,,13:44:54.500#,560.200000,565.180000,557.700000,627.760000,513.620000,27590,40405.000000,564.100000,1,564.120000,3,564.140000,1,564.160000,1,564.180000,2,564.240000,3,564.260000,3,564.280000,2,564.320000,5,564.340000,20,564.180000
au2408,,13:44:55.0#,560.200000,565.180000,557.700000,627.760000,513.620000,27591,40404.000000,564.060000,7,564.080000,9,564.100000,7,564.160000,1,564.180000,1,564.240000,3,564.260000,3,564.280000,2,564.320000,5,564.340000,14,564.180000
au2408,,13:44:55.500#,560.200000,565.180000,557.700000,627.760000,513.620000,27591,40404.000000,564.080000,9,564.100000,4,564.120000,1,564.160000,1,564.180000,1,564.240000,3,564.260000,3,564.280000,2,564.320000,5,564.340000,20,564.180000
au2408,,13:44:56.0#,560.200000,565.180000,557.700000,627.760000,513.620000,27591,40404.000000,564.060000,16,564.080000,15,564.100000,1,564.120000,1,564.160000,1,564.200000,1,564.220000,3,564.240000,3,564.260000,2,564.280000,2,564.180000
au2408,,13:44:56.500#,560.200000,565.180000,557.700000,627.760000,513.620000,27591,40404.000000,564.040000,14,564.060000,10,564.080000,3,564.100000,1,564.120000,1,564.180000,1,564.200000,1,564.220000,2,564.240000,3,564.260000,2,564.180000
au2408,,13:44:57.0#,560.200000,565.180000,557.700000,627.760000,513.620000,27591,40404.000000,564.040000,8,564.060000,4,564.080000,3,564.120000,1,564.140000,6,564.180000,1,564.200000,6,564.220000,2,564.240000,3,564.260000,5,564.180000
au2408,,13:44:57.500#,560.200000,565.180000,557.700000,627.760000,513.620000,27592,40403.000000,564.020000,17,564.040000,14,564.060000,4,564.120000,1,564.140000,6,564.160000,1,564.200000,6,564.220000,2,564.240000,2,564.260000,5,564.180000
au2408,,13:44:58.0#,560.200000,565.180000,557.700000,627.760000,513.620000,27600,40397.000000,564.000000,8,564.020000,12,564.040000,8,564.060000,4,564.100000,1,564.140000,2,564.160000,2,564.200000,6,564.220000,2,564.240000,2,564.140000
au2408,,13:44:58.500#,560.200000,565.180000,557.700000,627.760000,513.620000,27600,40397.000000,563.980000,16,564.000000,6,564.020000,2,564.040000,8,564.060000,1,564.120000,1,564.140000,2,564.160000,2,564.180000,1,564.200000,6,564.140000
au2408,,13:44:59.0#,560.200000,565.180000,557.700000,627.760000,513.620000,27600,40397.000000,563.980000,9,564.020000,5,564.040000,5,564.060000,1,564.080000,2,564.120000,2,564.140000,2,564.160000,2,564.200000,9,564.220000,9,564.140000
au2408,,13:44:59.500#,560.200000,565.180000,557.700000,627.760000,513.620000,27601,40396.000000,564.000000,3,564.020000,2,564.040000,5,564.060000,2,564.080000,2,564.120000,1,564.140000,2,564.160000,2,564.200000,7,564.220000,9,564.120000
au2408,,13:45:00.0#,560.200000,565.180000,557.700000,627.760000,513.620000,27601,40396.000000,564.000000,6,564.020000,2,564.040000,5,564.060000,2,564.080000,2,564.120000,1,564.140000,2,564.160000,2,564.180000,1,564.200000,7,564.120000
au2408,,13:45:00.500#,560.200000,565.180000,557.700000,627.760000,513.620000,27601,40396.000000,564.000000,6,564.020000,2,564.060000,1,564.080000,2,564.100000,2,564.120000,1,564.140000,2,564.160000,2,564.180000,1,564.200000,10,564.120000
au2408,,13:45:01.0#,560.200000,565.180000,557.700000,627.760000,513.620000,27606,40398.000000,563.960000,8,563.980000,10,564.000000,6,564.020000,5,564.060000,1,564.160000,2,564.200000,10,564.220000,3,564.240000,16,564.260000,8,564.100000
au2408,,13:45:01.500#,560.200000,565.180000,557.700000,627.760000,513.620000,27607,40397.000000,564.020000,5,564.040000,4,564.060000,1,564.080000,6,564.100000,1,564.180000,1,564.200000,7,564.220000,5,564.240000,14,564.260000,10,564.160000
au2408,,13:45:02.0#,560.200000,565.180000,557.700000,627.760000,513.620000,27608,40396.000000,564.020000,14,564.040000,4,564.060000,1,564.080000,4,564.100000,1,564.160000,1,564.180000,1,564.200000,7,564.220000,2,564.240000,1,564.160000
au2408,,13:45:02.500#,560.200000,565.180000,557.700000,627.760000,513.620000,27608,40396.000000,564.060000,1,564.080000,4,564.100000,2,564.120000,3,564.160000,1,564.180000,1,564.200000,7,564.220000,2,564.240000,4,564.260000,14,564.160000
au2408,,13:45:03.0#,560.200000,565.180000,557.700000,627.760000,513.620000,27613,40393.000000,563.960000,3,564.020000,13,564.040000,8,564.060000,7,564.080000,1,564.200000,4,564.220000,2,564.240000,1,564.260000,5,564.280000,3,564.160000
au2408,,13:45:03.500#,560.200000,565.180000,557.700000,627.760000,513.620000,27614,40392.000000,564.080000,2,564.100000,5,564.120000,3,564.140000,4,564.180000,1,564.200000,3,564.220000,2,564.240000,1,564.260000,5,564.280000,12,564.200000
au2408,,13:45:04.0#,560.200000,565.180000,557.700000,627.760000,513.620000,27616,40391.000000,564.020000,5,564.040000,16,564.060000,7,564.080000,5,564.120000,1,564.200000,2,564.220000,2,564.240000,1,564.260000,2,564.280000,6,564.180000
au2408,,13:45:04.500#,560.200000,565.180000,557.700000,627.760000,513.620000,27617,40390.000000,564.040000,6,564.060000,4,564.080000,5,564.120000,1,564.160000,4,564.200000,1,564.220000,2,564.240000,1,564.260000,2,564.280000,6,564.200000
au2408,,13:45:05.0#,560.200000,565.180000,557.700000,627.760000,513.620000,27618,40389.000000,564.060000,7,564.080000,5,564.120000,1,564.160000,4,564.200000,1,564.220000,2,564.240000,1,564.260000,2,564.280000,3,564.300000,9,564.200000
au2408,,13:45:05.500#,560.200000,565.180000,557.700000,627.760000,513.620000,27620,40388.000000,564.020000,2,564.040000,9,564.060000,16,564.080000,8,564.120000,1,564.220000,2,564.240000,1,564.260000,2,564.280000,3,564.300000,3,564.200000
au2408,,13:45:06.0#,560.200000,565.180000,557.700000,627.760000,513.620000,27620,40388.000000,564.060000,4,564.080000,2,564.100000,1,564.120000,1,564.140000,1,564.200000,4,564.220000,2,564.240000,1,564.260000,2,564.280000,3,564.200000
au2408,,13:45:06.500#,560.200000,565.180000,557.700000,627.760000,513.620000,27621,40387.000000,564.060000,7,564.080000,2,564.100000,1,564.120000,1,564.140000,2,564.200000,1,564.220000,2,564.240000,1,564.260000,2,564.280000,6,564.200000
au2408,,13:45:07.0#,560.200000,565.180000,557.700000,627.760000,513.620000,27622,40386.000000,564.060000,7,564.080000,2,564.100000,1,564.120000,1,564.140000,1,564.200000,1,564.220000,2,564.240000,1,564.260000,5,564.280000,3,564.200000
au2408,,13:45:07.500#,560.200000,565.180000,557.700000,627.760000,513.620000,27622,40386.000000,564.040000,10,564.060000,7,564.080000,1,564.100000,1,564.120000,1,564.180000,3,564.200000,1,564.220000,2,564.240000,1,564.260000,3,564.200000
au2408,,13:45:08.0#,560.200000,565.180000,557.700000,627.760000,513.620000,27623,40385.000000,564.060000,4,564.080000,1,564.100000,1,564.120000,1,564.140000,3,564.200000,1,564.220000,2,564.240000,1,564.260000,3,564.280000,13,564.180000
au2408,,13:45:08.500#,560.200000,565.180000,557.700000,627.760000,513.620000,27624,40384.000000,564.020000,10,564.040000,7,564.060000,7,564.080000,1,564.140000,3,564.220000,2,564.240000,1,564.280000,6,564.300000,9,564.320000,6,564.200000
au2408,,13:45:09.0#,560.200000,565.180000,557.700000,627.760000,513.620000,27625,40384.000000,564.020000,8,564.040000,6,564.060000,11,564.080000,1,564.140000,3,564.220000,1,564.240000,1,564.280000,3,564.300000,6,564.320000,16,564.220000
au2408,,13:45:09.500#,560.200000,565.180000,557.700000,627.760000,513.620000,27625,40384.000000,564.020000,11,564.040000,9,564.060000,8,564.080000,1,564.140000,2,564.200000,1,564.220000,1,564.240000,1,564.260000,3,564.300000,6,564.220000
au2408,,13:45:10.0#,560.200000,565.180000,557.700000,627.760000,513.620000,27625,40384.000000,564.040000,10,564.060000,4,564.080000,1,564.100000,1,564.140000,2,564.200000,1,564.220000,1,564.240000,1,564.260000,3,564.300000,12,564.220000
au2408,,13:45:10.500#,560.200000,565.180000,557.700000,627.760000,513.620000,27625,40384.000000,564.040000,16,564.060000,4,564.080000,1,564.100000,1,564.140000,2,564.200000,1,564.220000,2,564.240000,1,564.260000,3,564.300000,12,564.220000
au2408,,13:45:11.0#,560.200000,565.180000,557.700000,627.760000,513.620000,27625,40384.000000,564.040000,16,564.060000,4,564.080000,1,564.100000,1,564.140000,2,564.200000,1,564.220000,2,564.240000,1,564.280000,3,564.300000,12,564.220000
au2408,,13:45:11.500#,560.200000,565.180000,557.700000,627.760000,513.620000,27627,40382.000000,564.020000,10,564.040000,16,564.060000,4,564.080000,1,564.100000,1,564.180000,1,564.200000,1,564.220000,2,564.240000,1,564.260000,3,564.140000
au2408,,13:45:12.0#,560.200000,565.180000,557.700000,627.760000,513.620000,27628,40381.000000,564.040000,3,564.060000,1,564.080000,1,564.100000,1,564.120000,3,564.200000,1,564.220000,2,564.240000,1,564.260000,6,564.280000,7,564.180000
au2408,,13:45:12.500#,560.200000,565.180000,557.700000,627.760000,513.620000,27629,40381.000000,564.020000,11,564.040000,9,564.060000,1,564.080000,1,564.120000,3,564.220000,2,564.240000,1,564.260000,3,564.280000,3,564.300000,13,564.200000
au2408,,13:45:13.0#,560.200000,565.180000,557.700000,627.760000,513.620000,27629,40381.000000,564.040000,7,564.060000,7,564.080000,1,564.120000,3,564.140000,1,564.220000,3,564.240000,1,564.280000,3,564.300000,15,564.320000,15,564.200000
au2408,,13:45:13.500#,560.200000,565.180000,557.700000,627.760000,513.620000,27629,40381.000000,564.040000,13,564.060000,7,564.080000,1,564.120000,3,564.140000,1,564.220000,1,564.240000,1,564.280000,3,564.300000,9,564.320000,18,564.200000
au2408,,13:45:14.0#,560.200000,565.180000,557.700000,627.760000,513.620000,27629,40381.000000,564.060000,10,564.080000,1,564.120000,3,564.140000,3,564.160000,2,564.220000,1,564.240000,1,564.280000,3,564.300000,3,564.320000,16,564.200000
au2408,,13:45:14.500#,560.200000,565.180000,557.700000,627.760000,513.620000,27629,40381.000000,564.060000,14,564.080000,7,564.120000,1,564.140000,3,564.160000,2,564.220000,1,564.240000,1,564.300000,3,564.320000,12,564.340000,17,564.200000
au2408,,13:45:15.0#,560.200000,565.180000,557.700000,627.760000,513.620000,27629,40381.000000,564.060000,11,564.080000,7,564.120000,1,564.140000,2,564.160000,2,564.240000,1,564.300000,3,564.320000,6,564.340000,20,564.360000,3,564.200000
au2408,,13:45:15.500#,560.200000,565.180000,557.700000,627.760000,513.620000,27629,40381.000000,564.060000,13,564.080000,7,564.120000,1,564.140000,1,564.160000,2,564.240000,1,564.300000,3,564.320000,6,564.340000,15,564.360000,5,564.200000
au2408,,13:45:16.0#,560.200000,565.180000,557.700000,627.760000,513.620000,27629,40381.000000,564.060000,13,564.080000,7,564.120000,1,564.140000,1,564.160000,2,564.240000,1,564.300000,3,564.320000,6,564.340000,12,564.360000,8,564.200000
au2408,,13:45:16.500#,560.200000,565.180000,557.700000,627.760000,513.620000,27630,40381.000000,564.060000,16,564.080000,7,564.120000,1,564.140000,1,564.160000,1,564.220000,1,564.240000,1,564.280000,4,564.320000,6,564.340000,12,564.160000
au2408,,13:45:17.0#,560.200000,565.180000,557.700000,627.760000,513.620000,27630,40381.000000,564.060000,14,564.080000,7,564.120000,1,564.140000,1,564.160000,1,564.220000,1,564.240000,1,564.300000,3,564.320000,9,564.340000,17,564.160000
au2408,,13:45:17.500#,560.200000,565.180000,557.700000,627.760000,513.620000,27630,40381.000000,564.060000,14,564.080000,7,564.120000,1,564.140000,1,564.160000,1,564.220000,3,564.240000,1,564.300000,3,564.320000,9,564.340000,20,564.160000
au2408,,13:45:18.0#,560.200000,565.180000,557.700000,627.760000,513.620000,27630,40381.000000,564.060000,10,564.080000,4,564.120000,1,564.140000,1,564.160000,1,564.220000,3,564.240000,1,564.300000,6,564.320000,10,564.340000,13,564.160000
au2408,,13:45:18.500#,560.200000,565.180000,557.700000,627.760000,513.620000,27630,40381.000000,564.020000,9,564.040000,15,564.060000,10,564.080000,4,564.120000,1,564.220000,3,564.240000,1,564.300000,6,564.320000,10,564.340000,16,564.160000
au2408,,13:45:19.0#,560.200000,565.180000,557.700000,627.760000,513.620000,27630,40381.000000,564.040000,12,564.060000,1,564.080000,4,564.120000,2,564.140000,5,564.220000,3,564.240000,1,564.280000,3,564.300000,10,564.320000,5,564.160000
au2408,,13:45:19.500#,560.200000,565.180000,557.700000,627.760000,513.620000,27630,40381.000000,564.040000,12,564.060000,10,564.080000,1,564.120000,2,564.140000,5,564.220000,3,564.240000,1,564.300000,6,564.320000,16,564.340000,13,564.160000
au2408,,13:45:20.0#,560.200000,565.180000,557.700000,627.760000,513.620000,27630,40381.000000,564.040000,15,564.060000,7,564.080000,4,564.120000,1,564.140000,5,564.180000,5,564.220000,3,564.240000,1,564.300000,6,564.320000,13,564.160000
au2408,,13:45:20.500#,560.200000,565.180000,557.700000,627.760000,513.620000,27631,40380.000000,564.040000,15,564.060000,1,564.080000,4,564.120000,1,564.140000,4,564.180000,4,564.220000,3,564.240000,1,564.280000,3,564.300000,10,564.180000
au2408,,13:45:21.0#,560.200000,565.180000,557.700000,627.760000,513.620000,27632,40379.000000,564.040000,9,564.060000,4,564.080000,1,564.120000,1,564.140000,4,564.180000,3,564.220000,3,564.240000,1,564.280000,6,564.300000,13,564.180000
au2408,,13:45:21.500#,560.200000,565.180000,557.700000,627.760000,513.620000,27633,40378.000000,564.040000,9,564.060000,1,564.080000,4,564.120000,1,564.140000,2,564.180000,2,564.220000,3,564.240000,1,564.280000,3,564.300000,16,564.180000
au2408,,13:45:22.0#,560.200000,565.180000,557.700000,627.760000,513.620000,27634,40377.000000,564.040000,9,564.060000,4,564.080000,1,564.120000,1,564.140000,1,564.180000,1,564.220000,3,564.240000,1,564.280000,6,564.300000,13,564.180000
au2408,,13:45:22.500#,560.200000,565.180000,557.700000,627.760000,513.620000,27635,40376.000000,564.040000,9,564.060000,1,564.080000,1,564.120000,1,564.140000,3,564.220000,3,564.240000,4,564.280000,3,564.300000,16,564.320000,11,564.180000
au2408,,13:45:23.0#,560.200000,565.180000,557.700000,627.760000,513.620000,27636,40375.000000,564.040000,15,564.060000,7,564.080000,1,564.120000,1,564.140000,3,564.200000,1,564.220000,5,564.240000,1,564.260000,3,564.300000,6,564.180000
au2408,,13:45:23.500#,560.200000,565.180000,557.700000,627.760000,513.620000,27639,40375.000000,564.020000,11,564.040000,16,564.060000,4,564.080000,1,564.120000,1,564.180000,1,564.200000,1,564.220000,5,564.240000,1,564.260000,3,564.140000
au2408,,13:45:24.0#,560.200000,565.180000,557.700000,627.760000,513.620000,27639,40375.000000,563.960000,6,563.980000,4,564.000000,5,564.020000,16,564.060000,1,564.180000,1,564.200000,1,564.220000,5,564.240000,4,564.260000,3,564.140000
au2408,,13:45:24.500#,560.200000,565.180000,557.700000,627.760000,513.620000,27639,40375.000000,564.020000,3,564.040000,3,564.060000,3,564.080000,3,564.100000,2,564.180000,1,564.200000,1,564.220000,4,564.240000,4,564.260000,10,564.140000
au2408,,13:45:25.0#,560.200000,565.180000,557.700000,627.760000,513.620000,27640,40374.000000,563.980000,9,564.000000,12,564.020000,15,564.060000,1,564.080000,2,564.180000,1,564.200000,1,564.220000,4,564.240000,4,564.260000,6,564.100000
au2408,,13:45:25.500#,560.200000,565.180000,557.700000,627.760000,513.620000,27640,40374.000000,563.980000,14,564.000000,10,564.020000,9,564.060000,1,564.080000,2,564.180000,1,564.200000,1,564.220000,4,564.240000,4,564.260000,9,564.100000
au2408,,13:45:26.0#,560.200000,565.180000,557.700000,627.760000,513.620000,27641,40373.000000,563.980000,17,564.000000,7,564.020000,9,564.060000,1,564.080000,2,564.200000,1,564.220000,4,564.240000,4,564.260000,9,564.280000,21,564.180000
au2408,,13:45:26.500#,560.200000,565.180000,557.700000,627.760000,513.620000,27641,40373.000000,564.000000,6,564.020000,12,564.060000,1,564.080000,2,564.100000,1,564.180000,9,564.200000,3,564.220000,2,564.240000,4,564.260000,3,564.180000
au2408,,13:45:27.0#,560.200000,565.180000,557.700000,627.760000,513.620000,27642,40373.000000,563.980000,17,564.000000,10,564.020000,9,564.060000,1,564.080000,2,564.180000,9,564.200000,4,564.220000,2,564.240000,4,564.260000,12,564.100000
au2408,,13:45:28.0#,560.200000,565.180000,557.700000,627.760000,513.620000,27643,40372.000000,564.020000,6,564.040000,3,564.060000,1,564.080000,3,564.100000,4,564.200000,1,564.220000,1,564.240000,3,564.260000,15,564.280000,6,564.160000
au2408,,13:45:28.500#,560.200000,565.180000,557.700000,627.760000,513.620000,27644,40371.000000,564.060000,1,564.080000,6,564.100000,4,564.120000,5,564.140000,2,564.220000,1,564.280000,6,564.300000,21,564.340000,8,564.360000,1,564.200000
au2408,,13:45:29.0#,560.200000,565.180000,557.700000,627.760000,513.620000,27644,40371.000000,564.100000,7,564.120000,5,564.140000,5,564.160000,4,564.180000,2,564.300000,3,564.320000,7,564.340000,16,564.360000,6,564.400000,1,564.200000
au2408,,13:45:29.500#,560.200000,565.180000,557.700000,627.760000,513.620000,27646,40370.000000,564.080000,8,564.100000,17,564.120000,6,564.160000,3,564.180000,1,564.260000,4,564.280000,8,564.320000,3,564.340000,5,564.360000,12,564.180000
au2408,,13:45:30.0#,560.200000,565.180000,557.700000,627.760000,513.620000,27652,40370.000000,564.060000,10,564.080000,16,564.100000,11,564.120000,3,564.160000,1,564.260000,2,564.280000,3,564.320000,3,564.340000,8,564.360000,18,564.160000
au2408,,13:45:30.500#,560.200000,565.180000,557.700000,627.760000,513.620000,27653,40370.000000,564.100000,1,564.120000,6,564.160000,1,564.180000,1,564.200000,2,564.280000,3,564.320000,3,564.340000,12,564.360000,11,564.380000,6,564.240000
au2408,,13:45:31.0#,560.200000,565.180000,557.700000,627.760000,513.620000,27654,40369.000000,564.060000,5,564.080000,11,564.100000,14,564.120000,4,564.160000,1,564.240000,1,564.260000,2,564.320000,3,564.340000,2,564.360000,3,564.240000
au2408,,13:45:31.500#,560.200000,565.180000,557.700000,627.760000,513.620000,27654,40369.000000,564.160000,2,564.180000,4,564.200000,1,564.220000,1,564.240000,1,564.260000,2,564.340000,9,564.360000,8,564.380000,9,564.420000,1,564.240000
au2408,,13:45:32.0#,560.200000,565.180000,557.700000,627.760000,513.620000,27655,40368.000000,564.100000,7,564.120000,10,564.140000,1,564.160000,5,564.220000,1,564.260000,2,564.300000,3,564.340000,5,564.360000,3,564.380000,7,564.240000
au2408,,13:45:32.500#,560.200000,565.180000,557.700000,627.760000,513.620000,27655,40368.000000,564.100000,17,564.120000,5,564.140000,1,564.160000,1,564.220000,1,564.260000,2,564.320000,3,564.340000,5,564.360000,6,564.380000,15,564.240000
au2408,,13:45:33.0#,560.200000,565.180000,557.700000,627.760000,513.620000,27656,40367.000000,564.080000,11,564.100000,14,564.120000,5,564.140000,1,564.160000,1,564.260000,2,564.320000,3,564.340000,5,564.360000,6,564.380000,15,564.220000
au2408,,13:45:33.500#,560.200000,565.180000,557.700000,627.760000,513.620000,27656,40367.000000,564.120000,2,564.140000,1,564.160000,1,564.180000,2,564.200000,1,564.240000,1,564.260000,2,564.320000,6,564.340000,9,564.360000,5,564.220000
au2408,,13:45:34.0#,560.200000,565.180000,557.700000,627.760000,513.620000,27656,40367.000000,564.100000,7,564.120000,5,564.140000,1,564.160000,1,564.240000,1,564.260000,2,564.320000,3,564.340000,5,564.360000,10,564.380000,8,564.220000
au2408,,13:45:34.500#,560.200000,565.180000,557.700000,627.760000,513.620000,27657,40366.000000,564.080000,9,564.100000,10,564.120000,11,564.140000,1,564.160000,1,564.240000,1,564.280000,2,564.300000,1,564.340000,8,564.360000,6,564.240000
au2408,,13:45:35.0#,560.200000,565.180000,557.700000,627.760000,513.620000,27657,40366.000000,564.120000,2,564.140000,4,564.160000,1,564.180000,1,564.200000,4,564.240000,1,564.280000,2,564.300000,1,564.320000,3,564.340000,6,564.240000
au2408,,13:45:35.500#,560.200000,565.180000,557.700000,627.760000,513.620000,27657,40366.000000,564.080000,15,564.100000,10,564.120000,5,564.140000,1,564.160000,1,564.240000,1,564.280000,2,564.300000,1,564.320000,3,564.340000,8,564.240000
au2408,,13:45:36.0#,560.200000,565.180000,557.700000,627.760000,513.620000,27658,40366.000000,564.100000,1,564.120000,5,564.140000,1,564.160000,1,564.180000,3,564.240000,1,564.280000,2,564.300000,1,564.320000,3,564.340000,12,564.200000
au2408,,13:45:36.500#,560.200000,565.180000,557.700000,627.760000,513.620000,27658,40366.000000,564.100000,7,564.120000,2,564.140000,1,564.160000,1,564.180000,2,564.240000,1,564.280000,2,564.300000,1,564.320000,3,564.340000,14,564.200000
au2408,,13:45:37.0#,560.200000,565.180000,557.700000,627.760000,513.620000,27660,40365.000000,564.060000,8,564.080000,13,564.100000,7,564.120000,2,564.140000,1,564.180000,1,564.220000,1,564.240000,1,564.280000,2,564.300000,4,564.160000
au2408,,13:45:37.500#,560.200000,565.180000,557.700000,627.760000,513.620000,27661,40365.000000,564.020000,14,564.040000,7,564.060000,6,564.100000,1,564.120000,2,564.180000,1,564.220000,4,564.240000,1,564.280000,5,564.300000,10,564.140000
au2408,,13:45:38.0#,560.200000,565.180000,557.700000,627.760000,513.620000,27661,40365.000000,564.000000,8,564.020000,15,564.040000,7,564.100000,1,564.120000,1,564.160000,2,564.180000,1,564.220000,3,564.240000,1,564.260000,3,564.140000
au2408,,13:45:38.500#,560.200000,565.180000,557.700000,627.760000,513.620000,27662,40365.000000,563.980000,8,564.000000,10,564.020000,5,564.040000,1,564.100000,1,564.140000,1,564.160000,5,564.180000,1,564.220000,3,564.240000,4,564.120000
au2408,,13:45:39.0#,560.200000,565.180000,557.700000,627.760000,513.620000,27662,40365.000000,563.980000,12,564.000000,3,564.020000,5,564.040000,1,564.100000,1,564.140000,1,564.160000,4,564.180000,1,564.220000,3,564.240000,10,564.120000
au2408,,13:45:39.500#,560.200000,565.180000,557.700000,627.760000,513.620000,27663,40364.000000,563.980000,15,564.000000,6,564.020000,5,564.040000,1,564.100000,1,564.140000,1,564.160000,3,564.180000,1,564.220000,3,564.240000,7,564.120000
au2408,,13:45:40.0#,560.200000,565.180000,557.700000,627.760000,513.620000,27663,40364.000000,563.980000,15,564.000000,6,564.020000,5,564.040000,1,564.100000,1,564.140000,1,564.160000,3,564.180000,1,564.220000,3,564.240000,7,564.120000
au2408,,13:45:40.500#,560.200000,565.180000,557.700000,627.760000,513.620000,27664,40363.000000,563.980000,15,564.000000,3,564.020000,5,564.040000,1,564.060000,1,564.140000,1,564.160000,3,564.180000,1,564.220000,3,564.240000,10,564.100000
au2408,,13:45:41.0#,560.200000,565.180000,557.700000,627.760000,513.620000,27665,40363.000000,564.020000,2,564.040000,3,564.060000,3,564.080000,2,564.100000,3,564.160000,3,564.180000,1,564.220000,6,564.240000,8,564.260000,14,564.140000
au2408,,13:45:41.500#,560.200000,565.180000,557.700000,627.760000,513.620000,27666,40363.000000,564.020000,8,564.040000,3,564.060000,2,564.080000,1,564.100000,2,564.180000,1,564.220000,3,564.240000,1,564.260000,9,564.280000,15,564.100000
au2408,,13:45:42.0#,560.200000,565.180000,557.700000,627.760000,513.620000,27666,40363.000000,564.020000,8,564.040000,3,564.060000,2,564.080000,1,564.100000,2,564.180000,1,564.220000,3,564.240000,1,564.260000,6,564.280000,13,564.100000
au2408,,13:45:42.500#,560.200000,565.180000,557.700000,627.760000,513.620000,27666,40363.000000,564.040000,3,564.060000,1,564.080000,1,564.100000,2,564.120000,1,564.220000,3,564.240000,1,564.260000,6,564.280000,10,564.300000,17,564.100000
au2408,,13:45:43.0#,560.200000,565.180000,557.700000,627.760000,513.620000,27666,40363.000000,564.040000,6,564.060000,1,564.080000,1,564.100000,1,564.120000,1,564.160000,1,564.200000,3,564.220000,5,564.240000,1,564.260000,3,564.100000
au2408,,13:45:43.500#,560.200000,565.180000,557.700000,627.760000,513.620000,27666,40363.000000,564.040000,6,564.060000,1,564.080000,1,564.100000,1,564.120000,1,564.200000,3,564.220000,5,564.240000,1,564.260000,6,564.280000,10,564.100000
au2408,,13:45:44.0#,560.200000,565.180000,557.700000,627.760000,513.620000,27666,40363.000000,564.040000,6,564.060000,1,564.080000,1,564.100000,1,564.120000,1,564.140000,5,564.180000,3,564.200000,3,564.220000,5,564.240000,1,564.100000
au2408,,13:45:44.500#,560.200000,565.180000,557.700000,627.760000,513.620000,27666,40363.000000,564.040000,6,564.060000,1,564.080000,1,564.100000,1,564.120000,1,564.140000,5,564.180000,3,564.220000,5,564.240000,3,564.260000,10,564.100000
au2408,,13:45:45.0#,560.200000,565.180000,557.700000,627.760000,513.620000,27668,40362.000000,564.000000,9,564.020000,2,564.040000,6,564.060000,1,564.080000,1,564.140000,3,564.180000,2,564.220000,5,564.260000,13,564.280000,8,564.140000
au2408,,13:45:45.500#,560.200000,565.180000,557.700000,627.760000,513.620000,27669,40361.000000,564.020000,5,564.060000,1,564.080000,1,564.100000,1,564.120000,1,564.140000,2,564.180000,2,564.200000,1,564.220000,8,564.240000,10,564.140000
au2408,,13:45:46.0#,560.200000,565.180000,557.700000,627.760000,513.620000,27671,40360.000000,564.020000,5,564.040000,3,564.060000,1,564.080000,1,564.140000,1,564.180000,2,564.200000,1,564.220000,5,564.240000,3,564.260000,13,564.140000
au2408,,13:45:46.500#,560.200000,565.180000,557.700000,627.760000,513.620000,27673,40358.000000,563.980000,3,564.000000,11,564.020000,15,564.060000,1,564.080000,1,564.180000,2,564.200000,1,564.220000,5,564.240000,3,564.260000,3,564.160000
au2408,,13:45:47.0#,560.200000,565.180000,557.700000,627.760000,513.620000,27674,40358.000000,564.000000,6,564.020000,5,564.060000,1,564.080000,1,564.100000,1,564.180000,2,564.220000,5,564.240000,6,564.260000,10,564.280000,11,564.160000
au2408,,13:45:47.500#,560.200000,565.180000,557.700000,627.760000,513.620000,27674,40358.000000,564.000000,10,564.020000,8,564.060000,1,564.080000,1,564.100000,1,564.180000,2,564.220000,3,564.240000,3,564.260000,6,564.280000,18,564.160000
au2408,,13:45:48.0#,560.200000,565.180000,557.700000,627.760000,513.620000,27674,40358.000000,564.000000,13,564.020000,8,564.060000,1,564.080000,1,564.100000,1,564.180000,2,564.220000,3,564.240000,3,564.260000,6,564.280000,21,564.160000
au2408,,13:45:48.500#,560.200000,565.180000,557.700000,627.760000,513.620000,27674,40358.000000,564.040000,3,564.060000,1,564.080000,1,564.100000,1,564.120000,3,564.220000,3,564.260000,9,564.280000,18,564.300000,9,564.340000,2,564.160000
au2408,,13:45:49.0#,560.200000,565.180000,557.700000,627.760000,513.620000,27677,40358.000000,564.020000,10,564.040000,10,564.060000,1,564.080000,1,564.100000,1,564.200000,8,564.220000,3,564.240000,3,564.280000,6,564.300000,6,564.120000
au2408,,13:45:50.0#,560.200000,565.180000,557.700000,627.760000,513.620000,27678,40357.000000,564.020000,12,564.040000,4,564.060000,1,564.080000,1,564.100000,1,564.180000,1,564.200000,7,564.220000,3,564.240000,3,564.280000,6,564.120000
au2408,,13:45:50.500#,560.200000,565.180000,557.700000,627.760000,513.620000,27679,40357.000000,564.020000,8,564.040000,4,564.060000,1,564.080000,1,564.100000,1,564.200000,4,564.220000,3,564.260000,6,564.280000,13,564.300000,11,564.180000
au2408,,13:45:51.0#,560.200000,565.180000,557.700000,627.760000,513.620000,27679,40357.000000,564.020000,11,564.040000,1,564.060000,1,564.080000,1,564.140000,1,564.200000,4,564.220000,3,564.260000,6,564.280000,7,564.300000,14,564.180000
au2408,,13:45:51.500#,560.200000,565.180000,557.700000,627.760000,513.620000,27680,40356.000000,564.000000,9,564.020000,11,564.040000,10,564.060000,1,564.080000,1,564.200000,6,564.220000,1,564.260000,3,564.280000,9,564.300000,12,564.140000
au2408,,13:45:52.0#,560.200000,565.180000,557.700000,627.760000,513.620000,27680,40356.000000,564.000000,16,564.020000,8,564.040000,1,564.060000,1,564.080000,1,564.180000,3,564.200000,6,564.220000,1,564.240000,3,564.260000,6,564.140000
au2408,,13:45:52.500#,560.200000,565.180000,557.700000,627.760000,513.620000,27680,40356.000000,564.000000,9,564.020000,5,564.040000,1,564.060000,1,564.080000,1,564.180000,3,564.200000,6,564.220000,1,564.240000,6,564.260000,13,564.140000
au2408,,13:45:53.0#,560.200000,565.180000,557.700000,627.760000,513.620000,27680,40356.000000,564.000000,9,564.020000,5,564.040000,1,564.060000,1,564.080000,1,564.160000,1,564.180000,3,564.200000,6,564.220000,1,564.240000,6,564.140000
au2408,,13:45:53.500#,560.200000,565.180000,557.700000,627.760000,513.620000,27681,40356.000000,564.000000,9,564.020000,2,564.040000,4,564.060000,1,564.080000,1,564.180000,1,564.200000,4,564.220000,1,564.240000,6,564.260000,13,564.160000
au2408,,13:45:54.0#,560.200000,565.180000,557.700000,627.760000,513.620000,27682,40355.000000,564.020000,8,564.040000,1,564.060000,1,564.080000,1,564.120000,1,564.160000,3,564.180000,3,564.200000,2,564.220000,1,564.240000,3,564.160000
au2408,,13:45:54.500#,560.200000,565.180000,557.700000,627.760000,513.620000,27683,40354.000000,564.000000,7,564.020000,11,564.040000,1,564.080000,1,564.100000,1,564.160000,3,564.180000,3,564.200000,2,564.220000,1,564.240000,6,564.120000
au2408,,13:45:55.0#,560.200000,565.180000,557.700000,627.760000,513.620000,27684,40353.000000,563.980000,18,564.000000,9,564.020000,5,564.040000,1,564.080000,2,564.160000,1,564.180000,1,564.200000,2,564.220000,1,564.240000,9,564.160000
au2408,,13:45:56.0#,560.200000,565.180000,557.700000,627.760000,513.620000,27685,40352.000000,564.000000,7,564.020000,8,564.040000,1,564.080000,2,564.100000,1,564.160000,5,564.180000,1,564.200000,2,564.220000,1,564.240000,3,564.160000
au2408,,13:45:56.500#,560.200000,565.180000,557.700000,627.760000,513.620000,27687,40352.000000,563.980000,12,564.000000,12,564.020000,2,564.040000,1,564.080000,2,564.100000,1,564.140000,1,564.160000,6,564.180000,2,564.200000,2,564.140000
au2408,,13:45:57.500#,560.200000,565.180000,557.700000,627.760000,513.620000,27691,40351.000000,563.980000,10,564.000000,6,564.020000,2,564.040000,1,564.100000,1,564.120000,1,564.140000,1,564.160000,3,564.180000,2,564.200000,2,564.140000
au2408,,13:45:58.0#,560.200000,565.180000,557.700000,627.760000,513.620000,27693,40349.000000,563.960000,14,563.980000,10,564.000000,3,564.020000,2,564.040000,1,564.140000,2,564.160000,3,564.180000,1,564.200000,5,564.220000,4,564.120000
au2408,,13:45:58.500#,560.200000,565.180000,557.700000,627.760000,513.620000,27695,40348.000000,563.960000,18,564.000000,3,564.020000,2,564.040000,1,564.060000,4,564.160000,3,564.180000,1,564.200000,5,564.220000,14,564.240000,11,564.120000
au2408,,13:45:59.0#,560.200000,565.180000,557.700000,627.760000,513.620000,27696,40347.000000,564.000000,6,564.020000,2,564.040000,1,564.060000,4,564.100000,1,564.140000,1,564.160000,2,564.180000,1,564.200000,2,564.220000,4,564.160000
au2408,,13:45:59.500#,560.200000,565.180000,557.700000,627.760000,513.620000,27697,40346.000000,564.000000,6,564.020000,5,564.040000,1,564.060000,1,564.080000,2,564.140000,1,564.160000,2,564.180000,1,564.200000,2,564.220000,4,564.100000
au2408,,13:46:00.500#,560.200000,565.180000,557.700000,627.760000,513.620000,27699,40344.000000,563.980000,3,564.000000,8,564.020000,12,564.040000,4,564.080000,2,564.160000,3,564.180000,1,564.200000,2,564.220000,1,564.240000,6,564.140000
au2408,,13:46:01.0#,560.200000,565.180000,557.700000,627.760000,513.620000,27702,40342.000000,563.980000,10,564.000000,6,564.020000,2,564.040000,1,564.100000,1,564.160000,3,564.180000,1,564.200000,2,564.220000,4,564.240000,9,564.080000
au2408,,13:46:01.500#,560.200000,565.180000,557.700000,627.760000,513.620000,27704,40342.000000,563.940000,3,563.960000,15,563.980000,12,564.000000,9,564.020000,2,564.140000,2,564.160000,3,564.180000,1,564.200000,2,564.220000,4,564.040000
au2408,,13:46:02.0#,560.200000,565.180000,557.700000,627.760000,513.620000,27707,40342.000000,564.000000,3,564.020000,5,564.040000,6,564.060000,3,564.100000,3,564.160000,3,564.180000,1,564.200000,5,564.220000,11,564.240000,11,564.140000
au2408,,13:46:02.500#,560.200000,565.180000,557.700000,627.760000,513.620000,27711,40339.000000,563.980000,8,564.000000,10,564.020000,6,564.040000,3,564.060000,3,564.140000,2,564.160000,3,564.180000,1,564.200000,2,564.220000,4,564.140000
au2408,,13:46:03.0#,560.200000,565.180000,557.700000,627.760000,513.620000,27711,40339.000000,564.020000,2,564.040000,4,564.060000,3,564.080000,4,564.100000,1,564.140000,1,564.160000,3,564.200000,2,564.220000,10,564.240000,7,564.140000
au2408,,13:46:03.500#,560.200000,565.180000,557.700000,627.760000,513.620000,27713,40338.000000,564.000000,6,564.020000,5,564.040000,4,564.060000,1,564.080000,4,564.140000,1,564.160000,3,564.200000,2,564.220000,4,564.240000,6,564.140000
au2408,,13:46:04.0#,560.200000,565.180000,557.700000,627.760000,513.620000,27715,40338.000000,564.020000,2,564.040000,6,564.060000,2,564.080000,6,564.100000,1,564.140000,1,564.160000,2,564.200000,2,564.220000,1,564.240000,6,564.140000
au2408,,13:46:04.500#,560.200000,565.180000,557.700000,627.760000,513.620000,27716,40338.000000,564.040000,3,564.060000,1,564.080000,4,564.100000,1,564.120000,1,564.160000,2,564.200000,2,564.220000,1,564.240000,6,564.260000,13,564.140000
au2408,,13:46:05.0#,560.200000,565.180000,557.700000,627.760000,513.620000,27718,40336.000000,564.040000,6,564.080000,3,564.100000,2,564.120000,2,564.140000,1,564.160000,1,564.200000,2,564.220000,1,564.240000,3,564.260000,6,564.160000
au2408,,13:46:05.500#,560.200000,565.180000,557.700000,627.760000,513.620000,27719,40335.000000,564.040000,9,564.080000,3,564.100000,2,564.120000,2,564.140000,1,564.160000,1,564.200000,2,564.220000,1,564.260000,3,564.280000,12,564.140000
au2408,,13:46:06.0#,560.200000,565.180000,557.700000,627.760000,513.620000,27721,40333.000000,564.040000,6,564.080000,3,564.100000,1,564.120000,1,564.140000,1,564.200000,2,564.220000,4,564.280000,15,564.300000,15,564.320000,3,564.160000
au2408,,13:46:06.500#,560.200000,565.180000,557.700000,627.760000,513.620000,27723,40331.000000,564.040000,12,564.080000,3,564.100000,1,564.120000,1,564.140000,1,564.200000,1,564.220000,1,564.280000,6,564.300000,16,564.320000,8,564.180000
au2408,,13:46:07.0#,560.200000,565.180000,557.700000,627.760000,513.620000,27724,40330.000000,564.060000,3,564.080000,3,564.100000,1,564.120000,1,564.140000,1,564.200000,2,564.220000,1,564.280000,3,564.300000,12,564.320000,15,564.140000
au2408,,13:46:07.500#,560.200000,565.180000,557.700000,627.760000,513.620000,27725,40329.000000,564.080000,3,564.100000,1,564.120000,1,564.140000,1,564.160000,1,564.200000,3,564.220000,1,564.280000,3,564.300000,13,564.320000,11,564.140000
au2408,,13:46:08.0#,560.200000,565.180000,557.700000,627.760000,513.620000,27726,40329.000000,564.060000,3,564.080000,9,564.100000,1,564.140000,2,564.160000,2,564.200000,1,564.220000,1,564.300000,6,564.320000,9,564.340000,14,564.200000
au2408,,13:46:08.500#,560.200000,565.180000,557.700000,627.760000,513.620000,27727,40329.000000,564.040000,18,564.060000,6,564.080000,5,564.140000,3,564.160000,3,564.220000,1,564.300000,6,564.320000,4,564.340000,22,564.360000,3,564.200000
au2408,,13:46:09.0#,560.200000,565.180000,557.700000,627.760000,513.620000,27729,40327.000000,564.040000,17,564.060000,7,564.080000,5,564.140000,3,564.180000,1,564.220000,1,564.280000,3,564.320000,6,564.340000,17,564.360000,6,564.160000
au2408,,13:46:09.500#,560.200000,565.180000,557.700000,627.760000,513.620000,27730,40326.000000,564.020000,3,564.040000,15,564.060000,9,564.080000,8,564.140000,2,564.280000,3,564.320000,3,564.340000,15,564.360000,11,564.440000,2,564.160000
au2408,,13:46:10.0#,560.200000,565.180000,557.700000,627.760000,513.620000,27730,40326.000000,564.040000,9,564.060000,6,564.080000,11,564.140000,2,564.160000,2,564.200000,1,564.240000,2,564.260000,10,564.280000,1,564.300000,4,564.160000
au2408,,13:46:10.500#,560.200000,565.180000,557.700000,627.760000,513.620000,27732,40325.000000,564.040000,15,564.060000,9,564.080000,2,564.120000,1,564.160000,1,564.240000,2,564.260000,7,564.280000,4,564.300000,10,564.320000,13,564.140000
au2408,,13:46:11.0#,560.200000,565.180000,557.700000,627.760000,513.620000,27733,40324.000000,564.040000,11,564.060000,7,564.080000,8,564.120000,2,564.160000,1,564.180000,1,564.220000,2,564.240000,2,564.260000,7,564.280000,1,564.220000
au2408,,13:46:11.500#,560.200000,565.180000,557.700000,627.760000,513.620000,27734,40323.000000,564.040000,13,564.060000,3,564.080000,5,564.120000,2,564.160000,1,564.220000,1,564.240000,2,564.260000,5,564.280000,4,564.300000,13,564.180000
au2408,,13:46:12.0#,560.200000,565.180000,557.700000,627.760000,513.620000,27735,40323.000000,564.040000,8,564.060000,7,564.080000,8,564.120000,2,564.140000,1,564.200000,2,564.220000,1,564.260000,5,564.280000,1,564.300000,7,564.160000
au2408,,13:46:12.500#,560.200000,565.180000,557.700000,627.760000,513.620000,27735,40323.000000,564.040000,12,564.080000,5,564.120000,1,564.140000,2,564.160000,2,564.180000,1,564.200000,2,564.220000,2,564.260000,3,564.280000,4,564.160000
au2408,,13:46:13.0#,560.200000,565.180000,557.700000,627.760000,513.620000,27736,40322.000000,564.080000,5,564.120000,1,564.140000,1,564.160000,3,564.180000,1,564.200000,2,564.220000,2,564.260000,3,564.280000,4,564.300000,13,564.180000
au2408,,13:46:13.500#,560.200000,565.180000,557.700000,627.760000,513.620000,27737,40321.000000,564.060000,3,564.080000,7,564.120000,1,564.140000,1,564.160000,3,564.200000,2,564.220000,1,564.260000,3,564.280000,1,564.300000,7,564.180000
au2408,,13:46:14.0#,560.200000,565.180000,557.700000,627.760000,513.620000,27738,40321.000000,564.080000,3,564.120000,1,564.140000,1,564.160000,2,564.200000,1,564.220000,1,564.260000,3,564.280000,1,564.300000,10,564.320000,10,564.220000
au2408,,13:46:14.500#,560.200000,565.180000,557.700000,627.760000,513.620000,27739,40320.000000,564.060000,8,564.080000,13,564.120000,1,564.140000,1,564.160000,2,564.220000,1,564.260000,3,564.280000,1,564.300000,4,564.320000,3,564.200000
au2408,,13:46:15.0#,560.200000,565.180000,557.700000,627.760000,513.620000,27739,40320.000000,564.120000,1,564.140000,1,564.160000,3,564.180000,2,564.200000,1,564.220000,1,564.240000,1,564.260000,1,564.280000,1,564.300000,4,564.200000
au2408,,13:46:15.500#,560.200000,565.180000,557.700000,627.760000,513.620000,27741,40318.000000,564.100000,3,564.120000,4,564.140000,1,564.160000,3,564.180000,2,564.240000,1,564.260000,1,564.280000,1,564.300000,4,564.320000,3,564.200000
au2408,,13:46:16.0#,560.200000,565.180000,557.700000,627.760000,513.620000,27741,40318.000000,564.080000,10,564.100000,3,564.120000,1,564.140000,1,564.160000,3,564.240000,1,564.260000,1,564.280000,1,564.300000,4,564.320000,3,564.200000
au2408,,13:46:16.500#,560.200000,565.180000,557.700000,627.760000,513.620000,27741,40318.000000,564.100000,3,564.120000,1,564.140000,1,564.160000,2,564.180000,4,564.240000,1,564.260000,3,564.280000,1,564.300000,1,564.320000,6,564.200000
au2408,,13:46:17.0#,560.200000,565.180000,557.700000,627.760000,513.620000,27742,40317.000000,564.100000,3,564.120000,1,564.140000,1,564.160000,2,564.180000,1,564.220000,1,564.240000,1,564.260000,3,564.280000,1,564.300000,4,564.220000
au2408,,13:46:17.500#,560.200000,565.180000,557.700000,627.760000,513.620000,27742,40317.000000,564.100000,3,564.120000,4,564.140000,1,564.160000,2,564.220000,1,564.240000,1,564.260000,2,564.280000,1,564.300000,4,564.340000,17,564.220000
au2408,,13:46:18.0#,560.200000,565.180000,557.700000,627.760000,513.620000,27743,40316.000000,564.080000,8,564.100000,13,564.120000,1,564.140000,1,564.160000,2,564.240000,1,564.260000,2,564.280000,1,564.300000,1,564.320000,3,564.220000
au2408,,13:46:18.500#,560.200000,565.180000,557.700000,627.760000,513.620000,27744,40316.000000,564.100000,3,564.140000,1,564.160000,2,564.180000,2,564.200000,1,564.260000,2,564.280000,1,564.300000,1,564.320000,6,564.340000,17,564.240000
au2408,,13:46:19.0#,560.200000,565.180000,557.700000,627.760000,513.620000,27744,40316.000000,564.100000,6,564.140000,1,564.160000,2,564.180000,4,564.200000,1,564.240000,2,564.260000,1,564.280000,1,564.300000,4,564.340000,10,564.240000
au2408,,13:46:19.500#,560.200000,565.180000,557.700000,627.760000,513.620000,27745,40316.000000,564.100000,6,564.140000,1,564.160000,2,564.180000,3,564.200000,1,564.240000,2,564.260000,1,564.280000,1,564.300000,1,564.320000,3,564.220000
au2408,,13:46:20.0#,560.200000,565.180000,557.700000,627.760000,513.620000,27745,40316.000000,564.080000,7,564.100000,6,564.160000,2,564.180000,2,564.200000,1,564.240000,2,564.260000,1,564.280000,1,564.300000,1,564.320000,7,564.220000
au2408,,13:46:20.500#,560.200000,565.180000,557.700000,627.760000,513.620000,27745,40316.000000,564.080000,13,564.100000,3,564.160000,2,564.180000,2,564.200000,2,564.240000,5,564.260000,1,564.280000,1,564.300000,4,564.320000,4,564.220000
au2408,,13:46:21.0#,560.200000,565.180000,557.700000,627.760000,513.620000,27745,40316.000000,564.060000,11,564.080000,13,564.100000,3,564.160000,3,564.200000,1,564.240000,5,564.260000,1,564.280000,1,564.300000,4,564.320000,4,564.220000
au2408,,13:46:21.500#,560.200000,565.180000,557.700000,627.760000,513.620000,27745,40316.000000,564.060000,11,564.080000,7,564.100000,6,564.160000,2,564.200000,1,564.240000,5,564.280000,1,564.300000,1,564.320000,6,564.340000,19,564.220000
au2408,,13:46:22.0#,560.200000,565.180000,557.700000,627.760000,513.620000,27745,40316.000000,564.060000,11,564.080000,7,564.100000,6,564.160000,2,564.200000,1,564.240000,5,564.280000,2,564.300000,1,564.320000,3,564.340000,16,564.220000
au2408,,13:46:22.500#,560.200000,565.180000,557.700000,627.760000,513.620000,27745,40316.000000,564.060000,11,564.080000,7,564.100000,6,564.140000,1,564.160000,3,564.240000,5,564.280000,2,564.300000,1,564.320000,3,564.340000,16,564.220000
au2408,,13:46:23.0#,560.200000,565.180000,557.700000,627.760000,513.620000,27745,40316.000000,564.080000,3,564.100000,3,564.140000,1,564.160000,2,564.180000,1,564.240000,5,564.260000,1,564.280000,2,564.300000,1,564.320000,9,564.220000
au2408,,13:46:23.500#,560.200000,565.180000,557.700000,627.760000,513.620000,27746,40316.000000,564.060000,9,564.080000,6,564.100000,3,564.140000,1,564.160000,2,564.240000,5,564.260000,1,564.280000,2,564.300000,1,564.320000,6,564.180000
au2408,,13:46:24.0#,560.200000,565.180000,557.700000,627.760000,513.620000,27747,40316.000000,564.080000,3,564.100000,3,564.120000,1,564.140000,1,564.160000,1,564.200000,1,564.240000,5,564.260000,1,564.280000,2,564.300000,1,564.160000
au2408,,13:46:24.500#,560.200000,565.180000,557.700000,627.760000,513.620000,27747,40316.000000,564.060000,3,564.080000,3,564.120000,4,564.140000,1,564.160000,1,564.200000,1,564.220000,1,564.240000,3,564.280000,2,564.300000,4,564.160000
au2408,,13:46:25.0#,560.200000,565.180000,557.700000,627.760000,513.620000,27749,40314.000000,564.060000,6,564.080000,3,564.120000,1,564.160000,1,564.200000,1,564.220000,3,564.240000,3,564.280000,2,564.300000,7,564.320000,10,564.180000
au2408,,13:46:25.500#,560.200000,565.180000,557.700000,627.760000,513.620000,27750,40313.000000,564.060000,9,564.080000,6,564.100000,3,564.120000,1,564.160000,1,564.220000,2,564.240000,3,564.280000,2,564.300000,1,564.320000,10,564.200000
au2408,,13:46:26.0#,560.200000,565.180000,557.700000,627.760000,513.620000,27750,40313.000000,564.060000,9,564.100000,3,564.120000,1,564.140000,1,564.160000,1,564.220000,1,564.240000,3,564.280000,2,564.300000,4,564.320000,16,564.200000
au2408,,13:46:26.500#,560.200000,565.180000,557.700000,627.760000,513.620000,27751,40313.000000,564.100000,3,564.120000,1,564.140000,1,564.160000,2,564.180000,1,564.240000,3,564.260000,1,564.280000,2,564.300000,1,564.320000,12,564.220000
au2408,,13:46:27.0#,560.200000,565.180000,557.700000,627.760000,513.620000,27751,40313.000000,564.080000,3,564.100000,6,564.120000,1,564.140000,1,564.160000,2,564.240000,3,564.260000,1,564.280000,2,564.300000,1,564.320000,6,564.220000
au2408,,13:46:27.500#,560.200000,565.180000,557.700000,627.760000,513.620000,27751,40313.000000,564.100000,3,564.120000,1,564.140000,1,564.160000,2,564.200000,1,564.220000,1,564.240000,3,564.260000,1,564.280000,2,564.300000,1,564.220000
au2408,,13:46:28.0#,560.200000,565.180000,557.700000,627.760000,513.620000,27754,40313.000000,564.080000,10,564.100000,3,564.120000,1,564.140000,1,564.160000,3,564.220000,1,564.240000,3,564.260000,1,564.280000,2,564.300000,7,564.160000
au2408,,13:46:28.500#,560.200000,565.180000,557.700000,627.760000,513.620000,27754,40313.000000,564.060000,7,564.080000,9,564.120000,1,564.160000,3,564.180000,1,564.200000,1,564.220000,1,564.240000,3,564.280000,2,564.300000,7,564.160000
au2408,,13:46:29.0#,560.200000,565.180000,557.700000,627.760000,513.620000,27758,40310.000000,564.060000,10,564.080000,6,564.120000,1,564.140000,1,564.160000,1,564.220000,1,564.240000,3,564.280000,2,564.300000,7,564.320000,12,564.200000
au2408,,13:46:29.500#,560.200000,565.180000,557.700000,627.760000,513.620000,27760,40309.000000,564.060000,10,564.080000,3,564.100000,3,564.140000,1,564.160000,2,564.240000,3,564.280000,2,564.300000,1,564.320000,15,564.340000,19,564.200000
au2408,,13:46:30.0#,560.200000,565.180000,557.700000,627.760000,513.620000,27761,40308.000000,564.060000,13,564.080000,3,564.100000,3,564.140000,2,564.160000,3,564.240000,2,564.280000,2,564.300000,1,564.320000,9,564.340000,22,564.240000
au2408,,13:46:30.500#,560.200000,565.180000,557.700000,627.760000,513.620000,27762,40307.000000,564.040000,12,564.060000,12,564.080000,9,564.140000,3,564.160000,1,564.220000,4,564.240000,2,564.280000,2,564.300000,4,564.320000,3,564.160000
au2408,,13:46:31.0#,560.200000,565.180000,557.700000,627.760000,513.620000,27762,40307.000000,564.100000,3,564.140000,3,564.160000,2,564.180000,3,564.220000,1,564.240000,2,564.280000,2,564.300000,4,564.320000,13,564.340000,18,564.160000
au2408,,13:46:31.500#,560.200000,565.180000,557.700000,627.760000,513.620000,27763,40306.000000,564.080000,9,564.100000,12,564.140000,3,564.160000,2,564.180000,4,564.220000,2,564.240000,2,564.280000,2,564.300000,1,564.320000,3,564.220000
au2408,,13:46:32.0#,560.200000,565.180000,557.700000,627.760000,513.620000,27764,40306.000000,564.080000,6,564.100000,3,564.140000,3,564.160000,2,564.180000,4,564.220000,1,564.240000,2,564.280000,2,564.300000,1,564.320000,6,564.220000
au2408,,13:46:32.500#,560.200000,565.180000,557.700000,627.760000,513.620000,27768,40306.000000,564.080000,12,564.140000,2,564.160000,2,564.180000,1,564.200000,1,564.220000,1,564.240000,2,564.280000,2,564.300000,4,564.320000,6,564.180000
au2408,,13:46:33.0#,560.200000,565.180000,557.700000,627.760000,513.620000,27769,40305.000000,564.100000,3,564.120000,3,564.140000,2,564.160000,2,564.180000,1,564.200000,3,564.220000,1,564.240000,2,564.280000,2,564.300000,1,564.200000
au2408,,13:46:33.500#,560.200000,565.180000,557.700000,627.760000,513.620000,27769,40305.000000,564.060000,6,564.100000,6,564.140000,2,564.160000,2,564.180000,1,564.200000,3,564.220000,1,564.240000,2,564.280000,2,564.300000,4,564.200000
au2408,,13:46:34.0#,560.200000,565.180000,557.700000,627.760000,513.620000,27770,40304.000000,564.040000,15,564.060000,9,564.080000,3,564.140000,2,564.160000,2,564.200000,3,564.220000,1,564.240000,2,564.280000,2,564.300000,10,564.180000
au2408,,13:46:34.500#,560.200000,565.180000,557.700000,627.760000,513.620000,27770,40304.000000,564.040000,19,564.060000,3,564.080000,3,564.140000,2,564.160000,1,564.180000,1,564.200000,2,564.220000,1,564.240000,2,564.280000,2,564.180000
au2408,,13:46:35.0#,560.200000,565.180000,557.700000,627.760000,513.620000,27771,40304.000000,564.000000,3,564.020000,10,564.040000,10,564.080000,3,564.140000,1,564.180000,2,564.200000,1,564.220000,1,564.240000,2,564.280000,5,564.160000
au2408,,13:46:35.500#,560.200000,565.180000,557.700000,627.760000,513.620000,27771,40304.000000,564.000000,11,564.020000,9,564.040000,3,564.080000,3,564.100000,1,564.180000,2,564.200000,1,564.220000,1,564.240000,2,564.280000,8,564.160000
au2408,,13:46:36.0#,560.200000,565.180000,557.700000,627.760000,513.620000,27771,40304.000000,564.040000,3,564.080000,3,564.100000,2,564.120000,2,564.140000,1,564.180000,1,564.200000,1,564.220000,1,564.240000,2,564.260000,6,564.160000
au2408,,13:46:36.500#,560.200000,565.180000,557.700000,627.760000,513.620000,27771,40304.000000,564.040000,9,564.060000,3,564.080000,1,564.100000,1,564.120000,2,564.160000,1,564.180000,1,564.200000,1,564.220000,2,564.240000,2,564.160000
au2408,,13:46:37.0#,560.200000,565.180000,557.700000,627.760000,513.620000,27771,40304.000000,564.000000,12,564.020000,2,564.040000,6,564.080000,1,564.100000,1,564.160000,1,564.180000,1,564.200000,1,564.220000,2,564.240000,5,564.160000
au2408,,13:46:37.500#,560.200000,565.180000,557.700000,627.760000,513.620000,27772,40303.000000,563.980000,8,564.000000,16,564.020000,2,564.040000,3,564.080000,1,564.180000,1,564.200000,1,564.220000,2,564.240000,5,564.260000,9,564.160000
au2408,,13:46:38.0#,560.200000,565.180000,557.700000,627.760000,513.620000,27772,40303.000000,564.020000,5,564.040000,3,564.080000,3,564.100000,3,564.120000,1,564.180000,1,564.200000,1,564.220000,1,564.240000,2,564.260000,15,564.160000
au2408,,13:46:38.500#,560.200000,565.180000,557.700000,627.760000,513.620000,27772,40303.000000,564.040000,6,564.060000,1,564.080000,2,564.100000,3,564.120000,1,564.200000,1,564.220000,1,564.240000,2,564.260000,6,564.280000,16,564.160000
au2408,,13:46:39.0#,560.200000,565.180000,557.700000,627.760000,513.620000,27772,40303.000000,564.040000,9,564.060000,5,564.080000,2,564.100000,3,564.120000,1,564.160000,1,564.200000,1,564.220000,1,564.240000,2,564.280000,10,564.160000
au2408,,13:46:39.500#,560.200000,565.180000,557.700000,627.760000,513.620000,27772,40303.000000,564.060000,5,564.080000,2,564.100000,2,564.120000,1,564.140000,1,564.160000,1,564.200000,1,564.220000,1,564.240000,2,564.260000,3,564.160000
au2408,,13:46:40.500#,560.200000,565.180000,557.700000,627.760000,513.620000,27774,40303.000000,564.000000,13,564.020000,5,564.060000,2,564.080000,4,564.100000,3,564.160000,1,564.180000,1,564.200000,1,564.220000,1,564.240000,5,564.140000
au2408,,13:46:41.0#,560.200000,565.180000,557.700000,627.760000,513.620000,27774,40303.000000,564.020000,2,564.040000,3,564.060000,2,564.080000,4,564.100000,3,564.160000,1,564.180000,1,564.200000,1,564.220000,2,564.240000,5,564.140000
au2408,,13:46:41.500#,560.200000,565.180000,557.700000,627.760000,513.620000,27775,40302.000000,564.000000,10,564.020000,8,564.060000,2,564.080000,4,564.100000,1,564.160000,1,564.180000,1,564.200000,1,564.220000,2,564.240000,8,564.140000
au2408,,13:46:42.0#,560.200000,565.180000,557.700000,627.760000,513.620000,27775,40302.000000,564.000000,13,564.020000,8,564.060000,2,564.080000,4,564.100000,1,564.160000,1,564.180000,1,564.200000,1,564.220000,2,564.240000,8,564.140000
au2408,,13:46:43.0#,560.200000,565.180000,557.700000,627.760000,513.620000,27776,40301.000000,564.000000,12,564.020000,11,564.060000,1,564.080000,4,564.100000,1,564.160000,2,564.180000,1,564.200000,1,564.220000,2,564.240000,5,564.160000
au2408,,13:46:43.500#,560.200000,565.180000,557.700000,627.760000,513.620000,27777,40301.000000,564.020000,5,564.060000,1,564.080000,4,564.100000,1,564.120000,1,564.160000,2,564.180000,1,564.200000,1,564.220000,2,564.240000,8,564.160000
au2408,,13:46:44.0#,560.200000,565.180000,557.700000,627.760000,513.620000,27777,40301.000000,564.000000,10,564.020000,11,564.060000,1,564.080000,2,564.160000,2,564.180000,1,564.200000,1,564.220000,2,564.240000,8,564.260000,9,564.160000
au2408,,13:46:44.500#,560.200000,565.180000,557.700000,627.760000,513.620000,27779,40300.000000,564.000000,6,564.020000,10,564.040000,7,564.060000,4,564.080000,2,564.140000,5,564.160000,5,564.180000,1,564.200000,1,564.220000,2,564.160000
au2408,,13:46:45.0#,560.200000,565.180000,557.700000,627.760000,513.620000,27780,40300.000000,564.000000,6,564.020000,2,564.060000,1,564.080000,3,564.100000,1,564.160000,6,564.180000,1,564.200000,1,564.220000,9,564.240000,12,564.140000
au2408,,13:46:45.500#,560.200000,565.180000,557.700000,627.760000,513.620000,27781,40300.000000,564.000000,12,564.020000,2,564.060000,1,564.080000,1,564.140000,1,564.160000,8,564.180000,1,564.220000,3,564.240000,11,564.260000,16,564.100000
au2408,,13:46:46.0#,560.200000,565.180000,557.700000,627.760000,513.620000,27782,40300.000000,563.980000,12,564.000000,9,564.020000,8,564.040000,1,564.080000,1,564.140000,5,564.160000,8,564.180000,1,564.200000,3,564.240000,5,564.140000
au2408,,13:46:46.500#,560.200000,565.180000,557.700000,627.760000,513.620000,27782,40300.000000,563.980000,12,564.000000,3,564.020000,2,564.040000,1,564.080000,1,564.120000,2,564.140000,6,564.160000,8,564.180000,1,564.200000,1,564.140000
au2408,,13:46:47.0#,560.200000,565.180000,557.700000,627.760000,513.620000,27784,40299.000000,563.960000,7,563.980000,9,564.020000,2,564.040000,1,564.060000,1,564.120000,1,564.140000,3,564.160000,8,564.180000,1,564.200000,7,564.080000
au2408,,13:46:47.500#,560.200000,565.180000,557.700000,627.760000,513.620000,27785,40298.000000,564.000000,3,564.020000,2,564.040000,1,564.060000,2,564.080000,1,564.100000,1,564.140000,3,564.160000,7,564.200000,5,564.220000,13,564.120000
au2408,,13:46:48.0#,560.200000,565.180000,557.700000,627.760000,513.620000,27785,40298.000000,563.940000,8,563.960000,10,563.980000,3,564.000000,3,564.020000,2,564.100000,2,564.120000,1,564.140000,2,564.160000,7,564.200000,5,564.120000
au2408,,13:46:48.500#,560.200000,565.180000,557.700000,627.760000,513.620000,27786,40297.000000,563.940000,12,563.960000,3,563.980000,3,564.020000,4,564.040000,6,564.100000,1,564.120000,1,564.140000,2,564.160000,7,564.180000,3,564.100000
au2408,,13:46:49.0#,560.200000,565.180000,557.700000,627.760000,513.620000,27787,40297.000000,564.020000,4,564.040000,11,564.060000,1,564.080000,1,564.100000,1,564.140000,2,564.160000,5,564.180000,3,564.200000,10,564.220000,13,564.100000
au2408,,13:46:49.500#,560.200000,565.180000,557.700000,627.760000,513.620000,27787,40297.000000,564.000000,6,564.020000,5,564.040000,6,564.080000,1,564.100000,1,564.140000,2,564.160000,5,564.200000,1,564.220000,7,564.240000,11,564.100000
au2408,,13:46:50.0#,560.200000,565.180000,557.700000,627.760000,513.620000,27788,40296.000000,563.980000,13,564.000000,6,564.020000,2,564.040000,5,564.060000,1,564.120000,1,564.140000,2,564.160000,5,564.200000,4,564.220000,1,564.100000
au2408,,13:46:50.500#,560.200000,565.180000,557.700000,627.760000,513.620000,27789,40296.000000,563.980000,7,564.000000,3,564.020000,2,564.040000,5,564.060000,4,564.140000,2,564.160000,5,564.200000,1,564.220000,10,564.240000,17,564.120000
au2408,,13:46:51.0#,560.200000,565.180000,557.700000,627.760000,513.620000,27791,40295.000000,563.960000,21,563.980000,6,564.020000,2,564.040000,5,564.060000,3,564.120000,2,564.140000,4,564.160000,5,564.180000,3,564.200000,1,564.060000
au2408,,13:46:51.500#,560.200000,565.180000,557.700000,627.760000,513.620000,27792,40294.000000,563.960000,13,563.980000,3,564.020000,2,564.040000,5,564.060000,1,564.100000,1,564.120000,5,564.140000,3,564.160000,5,564.180000,4,564.060000
au2408,,13:46:52.0#,560.200000,565.180000,557.700000,627.760000,513.620000,27793,40293.000000,563.960000,9,563.980000,3,564.020000,2,564.040000,5,564.060000,1,564.100000,1,564.140000,3,564.160000,5,564.180000,4,564.200000,13,564.120000
au2408,,13:46:52.500#,560.200000,565.180000,557.700000,627.760000,513.620000,27795,40292.000000,563.920000,13,563.940000,15,563.960000,9,564.020000,2,564.040000,5,564.140000,3,564.160000,5,564.180000,4,564.200000,10,564.220000,16,564.100000
au2408,,13:46:53.0#,560.200000,565.180000,557.700000,627.760000,513.620000,27795,40292.000000,564.000000,3,564.020000,2,564.040000,5,564.060000,3,564.080000,2,564.120000,1,564.140000,2,564.160000,5,564.180000,1,564.200000,1,564.100000
au2408,,13:46:53.500#,560.200000,565.180000,557.700000,627.760000,513.620000,27796,40291.000000,563.980000,6,564.000000,3,564.020000,2,564.040000,5,564.060000,1,564.140000,2,564.160000,5,564.180000,1,564.200000,7,564.220000,6,564.120000
au2408,,13:46:54.0#,560.200000,565.180000,557.700000,627.760000,513.620000,27797,40291.000000,563.980000,6,564.000000,3,564.020000,2,564.040000,5,564.060000,1,564.140000,2,564.160000,5,564.180000,1,564.200000,1,564.220000,15,564.080000
au2408,,13:46:54.500#,560.200000,565.180000,557.700000,627.760000,513.620000,27799,40290.000000,563.980000,9,564.020000,2,564.040000,5,564.060000,2,564.080000,1,564.120000,1,564.140000,2,564.160000,5,564.180000,1,564.200000,4,564.080000
au2408,,13:46:55.0#,560.200000,565.180000,557.700000,627.760000,513.620000,27800,40290.000000,564.000000,3,564.020000,2,564.040000,2,564.060000,3,564.080000,1,564.120000,1,564.140000,2,564.160000,5,564.180000,1,564.200000,4,564.120000
au2408,,13:46:55.500#,560.200000,565.180000,557.700000,627.760000,513.620000,27801,40290.000000,564.020000,5,564.040000,2,564.060000,3,564.080000,1,564.100000,4,564.140000,2,564.160000,5,564.180000,1,564.200000,4,564.240000,15,564.120000
au2408,,13:46:56.0#,560.200000,565.180000,557.700000,627.760000,513.620000,27804,40289.000000,564.020000,5,564.040000,2,564.060000,2,564.080000,2,564.100000,2,564.140000,1,564.160000,5,564.180000,1,564.200000,1,564.240000,12,564.100000
au2408,,13:46:56.500#,560.200000,565.180000,557.700000,627.760000,513.620000,27804,40289.000000,564.040000,2,564.060000,1,564.080000,2,564.100000,3,564.140000,1,564.160000,5,564.180000,1,564.200000,1,564.240000,11,564.260000,13,564.100000
au2408,,13:46:57.0#,560.200000,565.180000,557.700000,627.760000,513.620000,27805,40288.000000,564.000000,9,564.020000,8,564.040000,5,564.080000,2,564.100000,2,564.160000,3,564.180000,1,564.200000,1,564.240000,5,564.260000,3,564.140000
au2408,,13:46:57.500#,560.200000,565.180000,557.700000,627.760000,513.620000,27806,40287.000000,564.000000,9,564.020000,5,564.040000,2,564.080000,2,564.100000,4,564.160000,2,564.180000,1,564.200000,1,564.240000,8,564.260000,16,564.160000
au2408,,13:46:58.0#,560.200000,565.180000,557.700000,627.760000,513.620000,27809,40285.000000,564.000000,16,564.020000,5,564.040000,2,564.080000,2,564.100000,2,564.140000,2,564.160000,2,564.180000,1,564.200000,1,564.220000,3,564.140000
au2408,,13:46:58.500#,560.200000,565.180000,557.700000,627.760000,513.620000,27809,40285.000000,564.000000,6,564.020000,5,564.040000,2,564.080000,2,564.100000,2,564.160000,2,564.180000,1,564.200000,1,564.220000,4,564.240000,5,564.140000
au2408,,13:46:59.0#,560.200000,565.180000,557.700000,627.760000,513.620000,27811,40285.000000,564.000000,13,564.020000,5,564.040000,2,564.080000,2,564.100000,4,564.140000,4,564.160000,3,564.180000,1,564.200000,1,564.220000,4,564.100000
au2408,,13:46:59.500#,560.200000,565.180000,557.700000,627.760000,513.620000,27815,40281.000000,563.980000,9,564.000000,9,564.020000,2,564.040000,2,564.080000,2,564.120000,1,564.140000,5,564.160000,5,564.180000,1,564.200000,4,564.100000
au2408,,13:47:00.0#,560.200000,565.180000,557.700000,627.760000,513.620000,27816,40280.000000,563.940000,12,563.960000,9,563.980000,12,564.020000,2,564.040000,2,564.120000,2,564.140000,2,564.160000,4,564.180000,2,564.200000,7,564.120000
au2408,,13:47:00.500#,560.200000,565.180000,557.700000,627.760000,513.620000,27817,40280.000000,563.960000,9,563.980000,3,564.020000,2,564.040000,2,564.060000,2,564.120000,2,564.140000,2,564.160000,4,564.180000,2,564.200000,10,564.120000
au2408,,13:47:01.0#,560.200000,565.180000,557.700000,627.760000,513.620000,27818,40279.000000,563.980000,3,564.000000,3,564.020000,2,564.040000,2,564.060000,2,564.080000,1,564.120000,2,564.140000,2,564.160000,3,564.180000,2,564.120000
au2408,,13:47:01.500#,560.200000,565.180000,557.700000,627.760000,513.620000,27819,40279.000000,563.980000,3,564.000000,3,564.020000,2,564.040000,2,564.060000,1,564.120000,2,564.140000,1,564.160000,3,564.180000,5,564.200000,4,564.080000
au2408,,13:47:02.0#,560.200000,565.180000,557.700000,627.760000,513.620000,27820,40279.000000,563.980000,3,564.000000,3,564.020000,2,564.040000,2,564.060000,1,564.120000,2,564.140000,1,564.160000,3,564.180000,2,564.200000,4,564.120000
au2408,,13:47:02.500#,560.200000,565.180000,557.700000,627.760000,513.620000,27822,40279.000000,563.980000,6,564.020000,2,564.040000,2,564.060000,1,564.080000,1,564.120000,1,564.140000,1,564.160000,3,564.180000,2,564.200000,7,564.120000
au2408,,13:47:03.0#,560.200000,565.180000,557.700000,627.760000,513.620000,27824,40278.000000,563.980000,12,564.020000,2,564.040000,2,564.060000,2,564.080000,1,564.140000,1,564.160000,3,564.180000,2,564.200000,7,564.220000,7,564.120000
au2408,,13:47:03.500#,560.200000,565.180000,557.700000,627.760000,513.620000,27826,40276.000000,564.020000,2,564.040000,2,564.060000,2,564.080000,1,564.100000,1,564.120000,2,564.140000,1,564.160000,3,564.180000,2,564.200000,4,564.120000
au2408,,13:47:04.0#,560.200000,565.180000,557.700000,627.760000,513.620000,27827,40275.000000,564.020000,5,564.040000,2,564.060000,2,564.080000,1,564.120000,1,564.140000,1,564.160000,3,564.180000,2,564.200000,4,564.220000,3,564.100000
au2408,,13:47:04.500#,560.200000,565.180000,557.700000,627.760000,513.620000,27828,40274.000000,564.000000,10,564.020000,5,564.040000,2,564.060000,2,564.080000,1,564.140000,1,564.160000,3,564.180000,2,564.200000,1,564.220000,6,564.120000
au2408,,13:47:05.0#,560.200000,565.180000,557.700000,627.760000,513.620000,27829,40274.000000,564.020000,5,564.040000,2,564.060000,2,564.080000,1,564.100000,5,564.140000,1,564.160000,3,564.180000,2,564.200000,1,564.220000,3,564.140000
au2408,,13:47:05.500#,560.200000,565.180000,557.700000,627.760000,513.620000,27834,40273.000000,564.020000,8,564.040000,2,564.060000,2,564.080000,1,564.100000,2,564.160000,3,564.180000,2,564.200000,1,564.220000,3,564.240000,8,564.140000
au2408,,13:47:06.0#,560.200000,565.180000,557.700000,627.760000,513.620000,27837,40272.000000,564.000000,13,564.020000,5,564.040000,2,564.060000,2,564.080000,1,564.160000,2,564.180000,2,564.200000,1,564.220000,3,564.240000,11,564.160000
au2408,,13:47:06.500#,560.200000,565.180000,557.700000,627.760000,513.620000,27838,40271.000000,564.000000,10,564.020000,5,564.040000,2,564.060000,1,564.080000,1,564.140000,1,564.160000,2,564.180000,2,564.200000,2,564.240000,17,564.120000
au2408,,13:47:07.0#,560.200000,565.180000,557.700000,627.760000,513.620000,27840,40270.000000,563.980000,10,564.000000,13,564.020000,2,564.040000,2,564.060000,1,564.140000,2,564.160000,2,564.180000,2,564.200000,2,564.220000,3,564.140000
au2408,,13:47:07.500#,560.200000,565.180000,557.700000,627.760000,513.620000,27842,40269.000000,564.000000,7,564.020000,2,564.040000,2,564.060000,1,564.100000,1,564.140000,2,564.160000,3,564.180000,2,564.200000,1,564.220000,9,564.140000
au2408,,13:47:08.0#,560.200000,565.180000,557.700000,627.760000,513.620000,27844,40268.000000,564.000000,13,564.020000,2,564.040000,2,564.060000,1,564.080000,1,564.140000,4,564.160000,3,564.180000,1,564.200000,1,564.220000,6,564.120000
au2408,,13:47:08.500#,560.200000,565.180000,557.700000,627.760000,513.620000,27845,40268.000000,564.020000,5,564.040000,2,564.060000,1,564.080000,1,564.100000,1,564.120000,1,564.140000,2,564.160000,3,564.180000,1,564.200000,1,564.140000
au2408,,13:47:09.0#,560.200000,565.180000,557.700000,627.760000,513.620000,27847,40267.000000,564.040000,5,564.060000,1,564.080000,2,564.100000,2,564.120000,4,564.140000,2,564.160000,3,564.180000,1,564.200000,4,564.240000,8,564.140000
au2408,,13:47:09.500#,560.200000,565.180000,557.700000,627.760000,513.620000,27851,40264.000000,564.020000,8,564.040000,5,564.060000,1,564.080000,4,564.100000,2,564.140000,2,564.160000,3,564.180000,1,564.200000,1,564.240000,8,564.120000
au2408,,13:47:10.0#,560.200000,565.180000,557.700000,627.760000,513.620000,27852,40264.000000,564.020000,5,564.040000,5,564.060000,1,564.080000,4,564.100000,3,564.160000,3,564.180000,1,564.200000,1,564.240000,8,564.260000,13,564.140000
au2408,,13:47:10.500#,560.200000,565.180000,557.700000,627.760000,513.620000,27853,40263.000000,564.040000,2,564.060000,1,564.080000,3,564.100000,4,564.120000,2,564.160000,1,564.180000,2,564.200000,1,564.240000,5,564.260000,9,564.160000
au2408,,13:47:11.0#,560.200000,565.180000,557.700000,627.760000,513.620000,27854,40263.000000,564.040000,5,564.060000,1,564.080000,3,564.100000,4,564.120000,1,564.180000,3,564.200000,1,564.240000,5,564.260000,6,564.280000,16,564.160000
au2408,,13:47:11.500#,560.200000,565.180000,557.700000,627.760000,513.620000,27857,40260.000000,564.040000,5,564.060000,1,564.080000,3,564.100000,3,564.120000,1,564.180000,3,564.200000,1,564.240000,5,564.260000,3,564.280000,16,564.120000
au2408,,13:47:12.0#,560.200000,565.180000,557.700000,627.760000,513.620000,27858,40259.000000,564.040000,8,564.060000,1,564.080000,3,564.100000,3,564.120000,1,564.180000,2,564.200000,1,564.240000,2,564.260000,6,564.280000,16,564.180000
au2408,,13:47:12.500#,560.200000,565.180000,557.700000,627.760000,513.620000,27860,40259.000000,564.040000,8,564.060000,1,564.080000,2,564.100000,3,564.120000,3,564.180000,3,564.200000,1,564.240000,2,564.260000,6,564.280000,16,564.180000
au2408,,13:47:13.0#,560.200000,565.180000,557.700000,627.760000,513.620000,27861,40258.000000,564.060000,1,564.080000,2,564.100000,3,564.120000,3,564.140000,1,564.180000,4,564.200000,1,564.240000,2,564.260000,3,564.280000,12,564.160000
au2408,,13:47:13.500#,560.200000,565.180000,557.700000,627.760000,513.620000,27867,40258.000000,564.060000,3,564.080000,2,564.100000,3,564.120000,2,564.160000,1,564.180000,1,564.200000,2,564.240000,2,564.260000,3,564.280000,12,564.180000
au2408,,13:47:14.0#,560.200000,565.180000,557.700000,627.760000,513.620000,27869,40256.000000,564.080000,1,564.100000,3,564.120000,2,564.140000,1,564.160000,1,564.180000,2,564.200000,2,564.220000,1,564.240000,2,564.280000,9,564.160000
au2408,,13:47:14.500#,560.200000,565.180000,557.700000,627.760000,513.620000,27871,40256.000000,564.080000,4,564.100000,3,564.120000,2,564.140000,1,564.160000,1,564.180000,1,564.200000,2,564.220000,1,564.240000,2,564.280000,6,564.180000
au2408,,13:47:15.0#,560.200000,565.180000,557.700000,627.760000,513.620000,27873,40254.000000,564.080000,4,564.100000,3,564.120000,1,564.140000,2,564.160000,1,564.200000,2,564.220000,2,564.240000,2,564.260000,3,564.280000,6,564.180000
au2408,,13:47:15.500#,560.200000,565.180000,557.700000,627.760000,513.620000,27875,40252.000000,564.060000,3,564.080000,4,564.100000,3,564.120000,1,564.140000,2,564.200000,1,564.220000,2,564.240000,2,564.280000,6,564.300000,9,564.200000
au2408,,13:47:16.0#,560.200000,565.180000,557.700000,627.760000,513.620000,27875,40252.000000,564.060000,9,564.080000,1,564.100000,3,564.120000,2,564.140000,2,564.200000,1,564.220000,2,564.240000,2,564.280000,3,564.300000,15,564.200000
au2408,,13:47:16.500#,560.200000,565.180000,557.700000,627.760000,513.620000,27875,40252.000000,564.080000,1,564.100000,3,564.120000,2,564.140000,2,564.160000,3,564.200000,2,564.220000,2,564.240000,2,564.280000,3,564.300000,12,564.200000
au2408,,13:47:17.0#,560.200000,565.180000,557.700000,627.760000,513.620000,27878,40252.000000,564.060000,6,564.080000,4,564.100000,3,564.120000,2,564.140000,2,564.200000,2,564.220000,2,564.240000,2,564.280000,3,564.300000,6,564.160000
au2408,,13:47:17.500#,560.200000,565.180000,557.700000,627.760000,513.620000,27878,40252.000000,564.060000,9,564.080000,1,564.100000,3,564.120000,2,564.140000,2,564.180000,1,564.200000,2,564.220000,2,564.240000,2,564.280000,3,564.160000
au2408,,13:47:18.0#,560.200000,565.180000,557.700000,627.760000,513.620000,27879,40251.000000,564.060000,6,564.080000,1,564.100000,3,564.120000,2,564.140000,2,564.200000,3,564.220000,2,564.240000,2,564.280000,6,564.300000,10,564.180000
au2408,,13:47:18.500#,560.200000,565.180000,557.700000,627.760000,513.620000,27880,40250.000000,564.080000,4,564.100000,3,564.120000,2,564.140000,1,564.160000,1,564.200000,2,564.220000,2,564.240000,2,564.280000,3,564.300000,13,564.200000
au2408,,13:47:19.0#,560.200000,565.180000,557.700000,627.760000,513.620000,27880,40250.000000,564.060000,3,564.080000,4,564.100000,3,564.120000,2,564.140000,1,564.200000,2,564.220000,2,564.240000,2,564.280000,3,564.300000,6,564.200000
au2408,,13:47:19.500#,560.200000,565.180000,557.700000,627.760000,513.620000,27881,40250.000000,564.060000,6,564.080000,1,564.100000,3,564.120000,2,564.140000,2,564.200000,2,564.220000,2,564.240000,2,564.280000,6,564.300000,10,564.160000
au2408,,13:47:20.0#,560.200000,565.180000,557.700000,627.760000,513.620000,27881,40250.000000,564.060000,9,564.080000,1,564.100000,3,564.120000,2,564.140000,2,564.160000,2,564.200000,2,564.220000,2,564.240000,2,564.280000,3,564.160000
au2408,,13:47:20.500#,560.200000,565.180000,557.700000,627.760000,513.620000,27883,40248.000000,564.080000,1,564.100000,3,564.120000,1,564.140000,2,564.160000,1,564.180000,1,564.200000,2,564.220000,2,564.240000,2,564.280000,9,564.160000
au2408,,13:47:21.0#,560.200000,565.180000,557.700000,627.760000,513.620000,27884,40247.000000,564.060000,3,564.080000,4,564.100000,3,564.120000,1,564.140000,1,564.180000,1,564.200000,2,564.220000,2,564.240000,2,564.280000,6,564.160000
au2408,,13:47:21.500#,560.200000,565.180000,557.700000,627.760000,513.620000,27885,40246.000000,564.040000,8,564.060000,6,564.080000,1,564.100000,3,564.140000,1,564.200000,2,564.220000,2,564.240000,2,564.280000,9,564.300000,16,564.180000
au2408,,13:47:22.0#,560.200000,565.180000,557.700000,627.760000,513.620000,27886,40245.000000,564.040000,11,564.060000,3,564.080000,1,564.100000,3,564.140000,1,564.180000,1,564.200000,1,564.220000,2,564.240000,2,564.280000,6,564.180000
au2408,,13:47:22.500#,560.200000,565.180000,557.700000,627.760000,513.620000,27888,40244.000000,564.020000,14,564.040000,14,564.080000,1,564.100000,3,564.140000,1,564.200000,1,564.220000,2,564.240000,2,564.260000,3,564.280000,6,564.180000
au2408,,13:47:23.0#,560.200000,565.180000,557.700000,627.760000,513.620000,27889,40243.000000,564.060000,3,564.080000,4,564.100000,3,564.140000,1,564.160000,1,564.200000,1,564.220000,1,564.240000,2,564.280000,3,564.300000,18,564.180000
au2408,,13:47:23.500#,560.200000,565.180000,557.700000,627.760000,513.620000,27890,40243.000000,564.060000,9,564.080000,4,564.100000,3,564.120000,1,564.140000,1,564.220000,1,564.240000,2,564.300000,9,564.320000,19,564.340000,6,564.200000
au2408,,13:47:24.0#,560.200000,565.180000,557.700000,627.760000,513.620000,27892,40242.000000,564.080000,1,564.100000,3,564.120000,2,564.140000,2,564.160000,3,564.240000,2,564.280000,3,564.300000,3,564.320000,16,564.340000,9,564.220000
au2408,,13:47:24.500#,560.200000,565.180000,557.700000,627.760000,513.620000,27893,40241.000000,564.100000,3,564.120000,2,564.140000,3,564.160000,4,564.200000,1,564.220000,1,564.240000,1,564.300000,3,564.340000,19,564.360000,6,564.240000
au2408,,13:47:25.0#,560.200000,565.180000,557.700000,627.760000,513.620000,27894,40242.000000,564.140000,1,564.160000,6,564.180000,1,564.200000,1,564.220000,1,564.240000,1,564.320000,3,564.340000,7,564.360000,18,564.380000,6,564.220000
au2408,,13:47:25.500#,560.200000,565.180000,557.700000,627.760000,513.620000,27895,40241.000000,564.120000,3,564.140000,3,564.160000,5,564.180000,2,564.200000,2,564.240000,1,564.320000,3,564.340000,1,564.360000,9,564.380000,9,564.220000
au2408,,13:47:26.0#,560.200000,565.180000,557.700000,627.760000,513.620000,27897,40240.000000,564.120000,7,564.160000,3,564.180000,3,564.200000,2,564.220000,1,564.340000,7,564.360000,7,564.380000,14,564.400000,7,564.460000,1,564.240000
au2408,,13:47:26.500#,560.200000,565.180000,557.700000,627.760000,513.620000,27898,40239.000000,564.160000,6,564.180000,2,564.200000,1,564.220000,2,564.240000,1,564.300000,2,564.320000,9,564.340000,3,564.360000,3,564.380000,3,564.300000
au2408,,13:47:27.0#,560.200000,565.180000,557.700000,627.760000,513.620000,27899,40239.000000,564.160000,9,564.180000,2,564.220000,2,564.240000,2,564.260000,1,564.320000,6,564.340000,3,564.380000,9,564.400000,11,564.420000,14,564.300000
au2408,,13:47:27.500#,560.200000,565.180000,557.700000,627.760000,513.620000,27899,40239.000000,564.180000,5,564.220000,2,564.260000,4,564.280000,2,564.300000,1,564.320000,1,564.340000,1,564.400000,7,564.420000,22,564.440000,5,564.300000
au2408,,13:47:28.0#,560.200000,565.180000,557.700000,627.760000,513.620000,27900,40238.000000,564.200000,3,564.220000,2,564.240000,2,564.260000,2,564.280000,3,564.340000,1,564.420000,6,564.440000,15,564.460000,9,564.480000,3,564.300000
au2408,,13:47:28.500#,560.200000,565.180000,557.700000,627.760000,513.620000,27904,40234.000000,564.180000,14,564.200000,6,564.220000,2,564.240000,2,564.260000,1,564.320000,1,564.340000,1,564.380000,3,564.420000,6,564.440000,6,564.320000
au2408,,13:47:29.0#,560.200000,565.180000,557.700000,627.760000,513.620000,27904,40234.000000,564.140000,9,564.160000,15,564.180000,8,564.220000,2,564.240000,2,564.300000,3,564.320000,4,564.340000,2,564.380000,3,564.400000,6,564.320000
au2408,,13:47:29.500#,560.200000,565.180000,557.700000,627.760000,513.620000,27904,40234.000000,564.140000,12,564.160000,4,564.180000,1,564.220000,2,564.240000,2,564.300000,3,564.320000,3,564.340000,2,564.380000,6,564.400000,14,564.320000
au2408,,13:47:30.0#,560.200000,565.180000,557.700000,627.760000,513.620000,27907,40232.000000,564.120000,12,564.140000,12,564.160000,1,564.180000,1,564.220000,2,564.300000,3,564.320000,3,564.340000,3,564.360000,3,564.380000,6,564.240000
au2408,,13:47:30.500#,560.200000,565.180000,557.700000,627.760000,513.620000,27907,40232.000000,564.120000,10,564.140000,6,564.160000,1,564.180000,1,564.220000,2,564.280000,1,564.300000,3,564.320000,3,564.340000,3,564.360000,3,564.240000
au2408,,13:47:31.0#,560.200000,565.180000,557.700000,627.760000,513.620000,27909,40232.000000,564.100000,16,564.120000,16,564.140000,3,564.160000,1,564.180000,1,564.280000,1,564.300000,2,564.320000,4,564.340000,3,564.360000,6,564.220000
au2408,,13:47:31.500#,560.200000,565.180000,557.700000,627.760000,513.620000,27909,40232.000000,564.100000,17,564.120000,6,564.160000,1,564.180000,1,564.200000,1,564.260000,1,564.280000,2,564.300000,2,564.320000,4,564.340000,6,564.220000
au2408,,13:47:32.0#,560.200000,565.180000,557.700000,627.760000,513.620000,27911,40231.000000,564.080000,14,564.100000,12,564.120000,6,564.160000,1,564.180000,1,564.280000,1,564.320000,3,564.340000,9,564.360000,9,564.380000,15,564.260000
au2408,,13:47:32.500#,560.200000,565.180000,557.700000,627.760000,513.620000,27911,40231.000000,564.140000,3,564.160000,1,564.180000,1,564.200000,3,564.220000,1,564.280000,1,564.320000,3,564.340000,3,564.360000,9,564.380000,18,564.260000
au2408,,13:47:33.0#,560.200000,565.180000,557.700000,627.760000,513.620000,27912,40230.000000,564.120000,13,564.140000,3,564.160000,1,564.180000,1,564.200000,4,564.280000,1,564.320000,3,564.340000,6,564.360000,3,564.380000,9,564.260000
au2408,,13:47:33.500#,560.200000,565.180000,557.700000,627.760000,513.620000,27914,40230.000000,564.140000,3,564.160000,1,564.180000,1,564.200000,3,564.220000,1,564.320000,3,564.340000,3,564.360000,6,564.380000,16,564.400000,14,564.280000
au2408,,13:47:34.0#,560.200000,565.180000,557.700000,627.760000,513.620000,27915,40230.000000,564.140000,6,564.160000,1,564.180000,1,564.200000,3,564.240000,1,564.280000,4,564.300000,3,564.320000,2,564.340000,5,564.380000,6,564.220000
au2408,,13:47:34.500#,560.200000,565.180000,557.700000,627.760000,513.620000,27917,40228.000000,564.160000,1,564.180000,1,564.200000,2,564.220000,1,564.240000,1,564.280000,4,564.300000,1,564.320000,2,564.340000,2,564.360000,3,564.280000
au2408,,13:47:35.0#,560.200000,565.180000,557.700000,627.760000,513.620000,27918,40228.000000,564.100000,7,564.120000,10,564.160000,4,564.200000,2,564.220000,2,564.280000,3,564.300000,3,564.320000,2,564.340000,5,564.360000,3,564.240000
au2408,,13:47:35.500#,560.200000,565.180000,557.700000,627.760000,513.620000,27918,40228.000000,564.100000,14,564.120000,9,564.160000,1,564.200000,2,564.220000,2,564.260000,3,564.280000,3,564.300000,4,564.320000,2,564.340000,5,564.240000
au2408,,13:47:36.500#,560.200000,565.180000,557.700000,627.760000,513.620000,27922,40226.000000,564.120000,3,564.140000,3,564.160000,1,564.200000,2,564.220000,2,564.260000,3,564.280000,2,564.300000,2,564.320000,2,564.340000,5,564.260000
au2408,,13:47:37.0#,560.200000,565.180000,557.700000,627.760000,513.620000,27923,40225.000000,564.140000,3,564.160000,1,564.180000,2,564.200000,2,564.220000,1,564.260000,3,564.280000,2,564.300000,2,564.320000,2,564.340000,5,564.260000
au2408,,13:47:37.500#,560.200000,565.180000,557.700000,627.760000,513.620000,27925,40224.000000,564.140000,6,564.160000,1,564.180000,2,564.200000,2,564.220000,1,564.260000,2,564.280000,2,564.300000,2,564.320000,2,564.340000,5,564.260000
au2408,,13:47:38.0#,560.200000,565.180000,557.700000,627.760000,513.620000,27927,40223.000000,564.120000,6,564.140000,3,564.160000,1,564.180000,2,564.200000,2,564.260000,2,564.280000,2,564.300000,2,564.320000,2,564.340000,8,564.220000
au2408,,13:47:38.500#,560.200000,565.180000,557.700000,627.760000,513.620000,27927,40223.000000,564.100000,12,564.120000,6,564.160000,1,564.180000,2,564.220000,1,564.240000,2,564.260000,2,564.280000,2,564.300000,2,564.320000,5,564.220000
au2408,,13:47:39.0#,560.200000,565.180000,557.700000,627.760000,513.620000,27928,40222.000000,564.140000,3,564.160000,1,564.180000,2,564.200000,3,564.220000,1,564.260000,3,564.300000,2,564.320000,5,564.340000,5,564.360000,16,564.220000
au2408,,13:47:39.500#,560.200000,565.180000,557.700000,627.760000,513.620000,27930,40221.000000,564.120000,3,564.140000,3,564.160000,1,564.180000,2,564.200000,4,564.260000,2,564.300000,2,564.320000,2,564.340000,4,564.360000,6,564.260000
au2408,,13:47:40.0#,560.200000,565.180000,557.700000,627.760000,513.620000,27931,40221.000000,564.100000,12,564.120000,9,564.160000,1,564.180000,2,564.200000,5,564.260000,2,564.280000,1,564.300000,2,564.320000,2,564.340000,4,564.260000
au2408,,13:47:41.500#,560.200000,565.180000,557.700000,627.760000,513.620000,27938,40217.000000,564.100000,5,564.120000,3,564.160000,1,564.180000,2,564.200000,1,564.240000,2,564.260000,3,564.300000,2,564.320000,5,564.340000,10,564.220000
au2408,,13:47:42.0#,560.200000,565.180000,557.700000,627.760000,513.620000,27940,40216.000000,564.080000,13,564.100000,8,564.120000,3,564.160000,1,564.180000,3,564.220000,1,564.260000,4,564.300000,1,564.320000,2,564.340000,13,564.220000
au2408,,13:47:42.500#,560.200000,565.180000,557.700000,627.760000,513.620000,27940,40216.000000,564.060000,15,564.080000,12,564.100000,5,564.160000,1,564.180000,3,564.220000,2,564.260000,4,564.300000,1,564.320000,8,564.340000,14,564.220000
au2408,,13:47:43.0#,560.200000,565.180000,557.700000,627.760000,513.620000,27942,40214.000000,564.060000,15,564.080000,6,564.100000,5,564.160000,1,564.180000,1,564.220000,3,564.260000,4,564.300000,1,564.320000,8,564.340000,20,564.180000
au2408,,13:47:43.500#,560.200000,565.180000,557.700000,627.760000,513.620000,27943,40214.000000,564.040000,15,564.060000,13,564.080000,6,564.100000,2,564.160000,1,564.180000,1,564.200000,3,564.220000,2,564.240000,2,564.260000,3,564.180000
au2408,,13:47:44.0#,560.200000,565.180000,557.700000,627.760000,513.620000,27943,40214.000000,564.000000,4,564.020000,13,564.040000,14,564.080000,3,564.100000,2,564.180000,2,564.200000,3,564.220000,2,564.240000,2,564.260000,5,564.180000
au2408,,13:47:44.500#,560.200000,565.180000,557.700000,627.760000,513.620000,27943,40214.000000,564.040000,1,564.080000,3,564.100000,2,564.120000,2,564.140000,2,564.160000,2,564.180000,2,564.200000,3,564.220000,1,564.240000,1,564.180000
au2408,,13:47:45.0#,560.200000,565.180000,557.700000,627.760000,513.620000,27945,40214.000000,564.020000,12,564.040000,4,564.060000,3,564.100000,3,564.120000,2,564.160000,2,564.180000,3,564.220000,1,564.240000,4,564.280000,9,564.140000
au2408,,13:47:45.500#,560.200000,565.180000,557.700000,627.760000,513.620000,27945,40214.000000,564.000000,22,564.020000,14,564.040000,4,564.100000,2,564.120000,2,564.160000,2,564.180000,3,564.220000,1,564.240000,1,564.260000,6,564.140000
au2408,,13:47:46.0#,560.200000,565.180000,557.700000,627.760000,513.620000,27945,40214.000000,564.020000,11,564.040000,1,564.060000,3,564.100000,2,564.140000,2,564.160000,2,564.180000,3,564.220000,1,564.240000,1,564.260000,6,564.140000
au2408,,13:47:46.500#,560.200000,565.180000,557.700000,627.760000,513.620000,27946,40214.000000,563.980000,3,564.000000,15,564.020000,15,564.040000,7,564.100000,2,564.160000,1,564.180000,4,564.220000,1,564.240000,1,564.260000,6,564.160000
au2408,,13:47:47.0#,560.200000,565.180000,557.700000,627.760000,513.620000,27946,40214.000000,564.000000,14,564.020000,8,564.040000,4,564.100000,2,564.120000,2,564.160000,1,564.180000,3,564.220000,1,564.240000,1,564.260000,12,564.160000
au2408,,13:47:47.500#,560.200000,565.180000,557.700000,627.760000,513.620000,27946,40214.000000,564.000000,19,564.020000,11,564.040000,4,564.100000,2,564.120000,2,564.160000,2,564.180000,2,564.200000,1,564.220000,1,564.240000,1,564.160000
au2408,,13:47:48.0#,560.200000,565.180000,557.700000,627.760000,513.620000,27947,40214.000000,564.000000,16,564.020000,5,564.040000,1,564.100000,2,564.120000,1,564.160000,2,564.180000,2,564.200000,1,564.220000,1,564.240000,4,564.120000
au2408,,13:47:48.500#,560.200000,565.180000,557.700000,627.760000,513.620000,27948,40214.000000,563.980000,11,564.000000,17,564.020000,5,564.040000,1,564.100000,2,564.160000,2,564.180000,2,564.200000,1,564.220000,1,564.240000,4,564.120000
au2408,,13:47:49.0#,560.200000,565.180000,557.700000,627.760000,513.620000,27949,40214.000000,563.980000,14,564.000000,14,564.020000,2,564.040000,4,564.100000,2,564.160000,2,564.180000,2,564.200000,1,564.220000,1,564.240000,4,564.120000
au2408,,13:47:49.500#,560.200000,565.180000,557.700000,627.760000,513.620000,27949,40214.000000,563.980000,11,564.000000,14,564.020000,5,564.040000,1,564.100000,1,564.140000,2,564.160000,2,564.180000,2,564.200000,1,564.220000,1,564.120000
au2408,,13:47:50.0#,560.200000,565.180000,557.700000,627.760000,513.620000,27949,40214.000000,563.980000,10,564.000000,4,564.020000,5,564.040000,1,564.100000,1,564.160000,2,564.180000,2,564.200000,1,564.220000,5,564.240000,7,564.120000
au2408,,13:47:50.500#,560.200000,565.180000,557.700000,627.760000,513.620000,27949,40214.000000,563.980000,12,564.000000,10,564.020000,2,564.040000,1,564.100000,1,564.160000,2,564.180000,2,564.200000,1,564.220000,2,564.240000,10,564.120000
au2408,,13:47:51.0#,560.200000,565.180000,557.700000,627.760000,513.620000,27950,40213.000000,563.960000,15,563.980000,12,564.000000,10,564.020000,2,564.040000,1,564.160000,2,564.180000,2,564.200000,1,564.220000,5,564.240000,7,564.100000
au2408,,13:47:51.500#,560.200000,565.180000,557.700000,627.760000,513.620000,27950,40213.000000,564.020000,5,564.040000,3,564.060000,5,564.080000,2,564.100000,1,564.160000,2,564.180000,2,564.220000,5,564.240000,10,564.260000,9,564.100000
au2408,,13:47:52.500#,560.200000,565.180000,557.700000,627.760000,513.620000,27950,40213.000000,564.020000,11,564.040000,5,564.060000,7,564.080000,3,564.120000,2,564.160000,2,564.180000,2,564.220000,2,564.240000,1,564.260000,6,564.100000
au2408,,13:47:53.0#,560.200000,565.180000,557.700000,627.760000,513.620000,27950,40213.000000,564.040000,5,564.060000,4,564.080000,1,564.100000,1,564.120000,2,564.160000,2,564.180000,2,564.220000,2,564.240000,1,564.260000,9,564.100000
au2408,,13:47:53.500#,560.200000,565.180000,557.700000,627.760000,513.620000,27951,40212.000000,564.020000,11,564.040000,8,564.060000,4,564.080000,1,564.100000,1,564.160000,1,564.180000,2,564.220000,2,564.260000,9,564.280000,10,564.160000
au2408,,13:47:54.500#,560.200000,565.180000,557.700000,627.760000,513.620000,27952,40211.000000,564.040000,8,564.060000,4,564.080000,1,564.100000,2,564.120000,1,564.180000,2,564.220000,2,564.240000,1,564.260000,6,564.280000,7,564.160000
au2408,,13:47:55.0#,560.200000,565.180000,557.700000,627.760000,513.620000,27952,40211.000000,564.020000,14,564.040000,5,564.060000,4,564.080000,1,564.100000,1,564.180000,2,564.220000,2,564.240000,4,564.260000,3,564.280000,13,564.160000
au2408,,13:47:55.500#,560.200000,565.180000,557.700000,627.760000,513.620000,27953,40210.000000,564.000000,23,564.020000,11,564.040000,2,564.060000,4,564.100000,2,564.180000,1,564.220000,2,564.240000,4,564.260000,6,564.280000,15,564.180000
au2408,,13:47:56.0#,560.200000,565.180000,557.700000,627.760000,513.620000,27953,40210.000000,564.000000,25,564.020000,11,564.040000,2,564.060000,4,564.100000,2,564.180000,1,564.220000,2,564.240000,1,564.260000,6,564.280000,16,564.180000
au2408,,13:47:56.500#,560.200000,565.180000,557.700000,627.760000,513.620000,27954,40210.000000,564.020000,8,564.040000,5,564.060000,4,564.100000,2,564.120000,3,564.220000,2,564.240000,1,564.260000,6,564.280000,13,564.300000,18,564.180000
au2408,,13:47:57.0#,560.200000,565.180000,557.700000,627.760000,513.620000,27955,40210.000000,564.020000,10,564.040000,12,564.060000,7,564.100000,2,564.120000,4,564.180000,1,564.200000,3,564.220000,4,564.240000,1,564.260000,3,564.180000
au2408,,13:47:57.500#,560.200000,565.180000,557.700000,627.760000,513.620000,27956,40210.000000,564.040000,8,564.060000,4,564.100000,2,564.120000,3,564.140000,1,564.200000,3,564.220000,4,564.260000,6,564.280000,9,564.300000,16,564.180000
au2408,,13:47:58.0#,560.200000,565.180000,557.700000,627.760000,513.620000,27958,40210.000000,564.020000,20,564.040000,11,564.060000,4,564.100000,1,564.120000,2,564.200000,2,564.220000,4,564.240000,3,564.280000,3,564.300000,23,564.200000
au2408,,13:47:58.500#,560.200000,565.180000,557.700000,627.760000,513.620000,27959,40209.000000,564.020000,17,564.040000,11,564.060000,4,564.100000,1,564.120000,2,564.200000,1,564.220000,4,564.260000,3,564.280000,3,564.300000,23,564.180000
au2408,,13:47:59.0#,560.200000,565.180000,557.700000,627.760000,513.620000,27959,40209.000000,564.040000,8,564.060000,4,564.100000,1,564.120000,2,564.140000,2,564.200000,2,564.220000,4,564.240000,3,564.280000,3,564.300000,23,564.180000
au2408,,13:47:59.500#,560.200000,565.180000,557.700000,627.760000,513.620000,27961,40209.000000,564.020000,13,564.040000,15,564.060000,7,564.100000,1,564.120000,2,564.200000,2,564.220000,4,564.240000,1,564.260000,3,564.300000,19,564.140000
au2408,,13:48:00.0#,560.200000,565.180000,557.700000,627.760000,513.620000,27961,40209.000000,564.040000,14,564.060000,4,564.100000,1,564.120000,2,564.140000,2,564.180000,2,564.200000,2,564.220000,4,564.240000,1,564.260000,3,564.140000
au2408,,13:48:00.500#,560.200000,565.180000,557.700000,627.760000,513.620000,27962,40208.000000,564.040000,14,564.060000,4,564.100000,1,564.120000,2,564.140000,1,564.180000,1,564.200000,3,564.220000,2,564.240000,1,564.260000,6,564.180000
au2408,,13:48:01.0#,560.200000,565.180000,557.700000,627.760000,513.620000,27963,40208.000000,564.020000,11,564.040000,14,564.060000,4,564.100000,1,564.120000,2,564.180000,1,564.200000,2,564.220000,2,564.240000,1,564.260000,6,564.140000
au2408,,13:48:01.500#,560.200000,565.180000,557.700000,627.760000,513.620000,27964,40207.000000,564.040000,8,564.060000,4,564.100000,1,564.120000,2,564.140000,1,564.160000,1,564.200000,2,564.220000,2,564.240000,1,564.260000,6,564.180000
au2408,,13:48:02.0#,560.200000,565.180000,557.700000,627.760000,513.620000,27966,40206.000000,564.020000,9,564.040000,11,564.060000,4,564.100000,1,564.140000,1,564.180000,1,564.200000,2,564.220000,2,564.240000,1,564.260000,6,564.160000
au2408,,13:48:02.500#,560.200000,565.180000,557.700000,627.760000,513.620000,27968,40205.000000,564.040000,7,564.060000,4,564.080000,1,564.100000,1,564.120000,1,564.180000,2,564.200000,2,564.220000,2,564.240000,4,564.260000,3,564.160000
au2408,,13:48:03.0#,560.200000,565.180000,557.700000,627.760000,513.620000,27968,40205.000000,564.040000,4,564.060000,4,564.080000,1,564.100000,1,564.120000,1,564.160000,1,564.180000,3,564.200000,1,564.220000,2,564.240000,4,564.160000
au2408,,13:48:03.500#,560.200000,565.180000,557.700000,627.760000,513.620000,27970,40205.000000,564.020000,8,564.040000,4,564.060000,4,564.080000,1,564.100000,1,564.180000,2,564.200000,1,564.220000,2,564.240000,7,564.260000,3,564.160000
au2408,,13:48:04.0#,560.200000,565.180000,557.700000,627.760000,513.620000,27970,40205.000000,564.020000,8,564.040000,1,564.060000,4,564.080000,1,564.100000,1,564.140000,1,564.160000,4,564.180000,4,564.200000,1,564.220000,2,564.160000
au2408,,13:48:05.0#,560.200000,565.180000,557.700000,627.760000,513.620000,27973,40203.000000,564.000000,7,564.020000,8,564.040000,1,564.060000,4,564.080000,1,564.160000,2,564.180000,3,564.200000,1,564.220000,1,564.240000,10,564.160000
au2408,,13:48:05.500#,560.200000,565.180000,557.700000,627.760000,513.620000,27973,40203.000000,564.020000,2,564.040000,4,564.060000,4,564.080000,1,564.100000,3,564.160000,3,564.180000,3,564.200000,1,564.220000,1,564.240000,7,564.160000
au2408,,13:48:06.0#,560.200000,565.180000,557.700000,627.760000,513.620000,27974,40203.000000,564.000000,11,564.020000,8,564.040000,1,564.060000,4,564.080000,1,564.140000,2,564.160000,3,564.180000,2,564.220000,4,564.240000,4,564.100000
au2408,,13:48:06.500#,560.200000,565.180000,557.700000,627.760000,513.620000,27974,40203.000000,564.020000,5,564.040000,1,564.060000,4,564.080000,1,564.100000,1,564.140000,2,564.160000,3,564.180000,2,564.220000,4,564.240000,11,564.100000
au2408,,13:48:07.0#,560.200000,565.180000,557.700000,627.760000,513.620000,27975,40203.000000,564.000000,10,564.020000,5,564.040000,1,564.060000,1,564.080000,1,564.120000,1,564.140000,2,564.160000,3,564.180000,2,564.220000,4,564.100000
au2408,,13:48:07.500#,560.200000,565.180000,557.700000,627.760000,513.620000,27979,40205.000000,564.000000,7,564.020000,5,564.040000,1,564.060000,1,564.080000,1,564.140000,1,564.160000,4,564.180000,2,564.220000,7,564.240000,10,564.140000
au2408,,13:48:08.0#,560.200000,565.180000,557.700000,627.760000,513.620000,27980,40205.000000,564.020000,2,564.040000,1,564.060000,1,564.100000,1,564.120000,1,564.140000,1,564.160000,3,564.180000,2,564.220000,4,564.240000,9,564.080000
au2408,,13:48:08.500#,560.200000,565.180000,557.700000,627.760000,513.620000,27981,40204.000000,564.000000,8,564.020000,8,564.040000,1,564.060000,1,564.100000,1,564.120000,1,564.140000,1,564.160000,3,564.180000,2,564.220000,1,564.120000
au2408,,13:48:09.0#,560.200000,565.180000,557.700000,627.760000,513.620000,27982,40204.000000,564.020000,5,564.040000,1,564.060000,1,564.080000,3,564.120000,1,564.160000,3,564.220000,4,564.240000,9,564.260000,12,564.280000,3,564.120000
au2408,,13:48:09.500#,560.200000,565.180000,557.700000,627.760000,513.620000,27984,40203.000000,564.020000,8,564.040000,1,564.060000,1,564.080000,4,564.100000,1,564.140000,1,564.160000,2,564.220000,1,564.240000,3,564.260000,9,564.140000
au2408,,13:48:10.0#,560.200000,565.180000,557.700000,627.760000,513.620000,27985,40202.000000,564.040000,1,564.060000,1,564.080000,5,564.100000,1,564.120000,1,564.160000,2,564.200000,1,564.220000,1,564.240000,6,564.260000,13,564.140000
au2408,,13:48:10.500#,560.200000,565.180000,557.700000,627.760000,513.620000,27987,40201.000000,564.040000,7,564.060000,1,564.080000,2,564.100000,2,564.120000,4,564.160000,1,564.200000,1,564.220000,1,564.260000,6,564.280000,9,564.160000
au2408,,13:48:11.0#,560.200000,565.180000,557.700000,627.760000,513.620000,27988,40201.000000,564.080000,2,564.100000,6,564.120000,5,564.140000,2,564.160000,1,564.200000,2,564.220000,1,564.260000,3,564.280000,10,564.300000,14,564.160000
au2408,,13:48:11.500#,560.200000,565.180000,557.700000,627.760000,513.620000,27989,40200.000000,564.060000,7,564.080000,5,564.100000,3,564.120000,4,564.140000,2,564.160000,5,564.200000,1,564.220000,1,564.280000,3,564.300000,9,564.160000
au2408,,13:48:12.0#,560.200000,565.180000,557.700000,627.760000,513.620000,27990,40199.000000,564.060000,7,564.080000,2,564.100000,2,564.120000,2,564.140000,3,564.160000,4,564.220000,1,564.260000,3,564.280000,10,564.300000,14,564.160000
au2408,,13:48:12.500#,560.200000,565.180000,557.700000,627.760000,513.620000,27992,40197.000000,564.040000,7,564.060000,4,564.080000,2,564.120000,2,564.140000,2,564.160000,3,564.200000,1,564.220000,1,564.240000,1,564.260000,6,564.140000
au2408,,13:48:13.0#,560.200000,565.180000,557.700000,627.760000,513.620000,27993,40196.000000,564.040000,4,564.060000,4,564.080000,2,564.120000,2,564.140000,2,564.160000,2,564.200000,1,564.220000,1,564.260000,6,564.280000,13,564.160000
au2408,,13:48:13.500#,560.200000,565.180000,557.700000,627.760000,513.620000,27995,40195.000000,564.040000,10,564.060000,1,564.080000,2,564.120000,2,564.140000,1,564.160000,1,564.200000,4,564.220000,1,564.260000,3,564.280000,9,564.160000
au2408,,13:48:14.0#,560.200000,565.180000,557.700000,627.760000,513.620000,27996,40194.000000,564.040000,7,564.060000,4,564.080000,2,564.120000,2,564.140000,1,564.160000,1,564.200000,4,564.220000,1,564.280000,12,564.300000,15,564.160000
au2408,,13:48:14.500#,560.200000,565.180000,557.700000,627.760000,513.620000,27996,40194.000000,564.040000,7,564.060000,4,564.080000,2,564.120000,2,564.140000,2,564.160000,1,564.200000,4,564.220000,1,564.280000,9,564.300000,15,564.160000
au2408,,13:48:15.0#,560.200000,565.180000,557.700000,627.760000,513.620000,27998,40193.000000,564.020000,18,564.040000,7,564.060000,1,564.080000,2,564.140000,1,564.200000,4,564.220000,1,564.240000,3,564.280000,6,564.300000,18,564.160000
au2408,,13:48:15.500#,560.200000,565.180000,557.700000,627.760000,513.620000,27999,40193.000000,564.020000,14,564.040000,7,564.060000,1,564.080000,2,564.160000,2,564.180000,1,564.200000,4,564.220000,1,564.260000,3,564.280000,3,564.140000
au2408,,13:48:16.0#,560.200000,565.180000,557.700000,627.760000,513.620000,28001,40192.000000,564.040000,8,564.060000,4,564.080000,1,564.140000,1,564.160000,1,564.200000,3,564.220000,1,564.260000,3,564.280000,3,564.300000,6,564.180000
au2408,,13:48:16.500#,560.200000,565.180000,557.700000,627.760000,513.620000,28003,40192.000000,564.020000,16,564.040000,8,564.060000,7,564.100000,1,564.140000,1,564.200000,1,564.220000,1,564.240000,1,564.280000,3,564.300000,6,564.200000
au2408,,13:48:17.0#,560.200000,565.180000,557.700000,627.760000,513.620000,28003,40192.000000,564.060000,4,564.100000,1,564.120000,1,564.140000,1,564.180000,1,564.200000,1,564.220000,1,564.240000,1,564.260000,3,564.300000,9,564.200000
au2408,,13:48:17.500#,560.200000,565.180000,557.700000,627.760000,513.620000,28007,40193.000000,564.000000,4,564.020000,5,564.040000,12,564.060000,8,564.100000,1,564.180000,2,564.220000,1,564.240000,1,564.260000,3,564.300000,6,564.160000
au2408,,13:48:18.0#,560.200000,565.180000,557.700000,627.760000,513.620000,28008,40193.000000,564.020000,5,564.040000,4,564.060000,1,564.120000,2,564.140000,1,564.180000,1,564.200000,1,564.220000,1,564.240000,1,564.260000,6,564.180000
au2408,,13:48:18.500#,560.200000,565.180000,557.700000,627.760000,513.620000,28009,40193.000000,563.960000,6,564.000000,10,564.020000,14,564.040000,1,564.060000,1,564.160000,2,564.180000,4,564.200000,3,564.220000,1,564.240000,5,564.140000
au2408,,13:48:19.500#,560.200000,565.180000,557.700000,627.760000,513.620000,28011,40191.000000,564.000000,10,564.020000,5,564.040000,1,564.060000,1,564.080000,4,564.140000,1,564.160000,2,564.180000,3,564.200000,1,564.220000,1,564.160000
au2408,,13:48:20.0#,560.200000,565.180000,557.700000,627.760000,513.620000,28015,40188.000000,564.000000,10,564.020000,2,564.040000,1,564.060000,2,564.080000,2,564.160000,3,564.180000,2,564.200000,1,564.220000,7,564.240000,7,564.080000
au2408,,13:48:20.500#,560.200000,565.180000,557.700000,627.760000,513.620000,28016,40187.000000,564.040000,4,564.060000,2,564.080000,2,564.100000,2,564.120000,1,564.160000,3,564.180000,1,564.200000,1,564.220000,1,564.240000,7,564.160000
au2408,,13:48:21.0#,560.200000,565.180000,557.700000,627.760000,513.620000,28017,40187.000000,564.040000,7,564.060000,2,564.080000,2,564.100000,3,564.120000,1,564.140000,1,564.160000,2,564.180000,1,564.200000,1,564.220000,1,564.160000
au2408,,13:48:21.500#,560.200000,565.180000,557.700000,627.760000,513.620000,28018,40186.000000,564.040000,4,564.060000,2,564.080000,2,564.100000,4,564.140000,1,564.160000,2,564.180000,1,564.200000,1,564.220000,4,564.240000,3,564.140000
au2408,,13:48:22.0#,560.200000,565.180000,557.700000,627.760000,513.620000,28019,40185.000000,564.020000,5,564.040000,7,564.060000,2,564.080000,2,564.100000,4,564.160000,1,564.180000,1,564.200000,1,564.220000,1,564.240000,3,564.140000
au2408,,13:48:22.500#,560.200000,565.180000,557.700000,627.760000,513.620000,28020,40184.000000,564.040000,4,564.060000,2,564.080000,2,564.100000,4,564.120000,4,564.180000,1,564.200000,1,564.220000,1,564.240000,3,564.260000,9,564.160000
au2408,,13:48:23.0#,560.200000,565.180000,557.700000,627.760000,513.620000,28021,40183.000000,564.060000,2,564.080000,2,564.100000,4,564.120000,4,564.140000,1,564.200000,1,564.220000,1,564.260000,6,564.280000,9,564.300000,15,564.180000
au2408,,13:48:23.500#,560.200000,565.180000,557.700000,627.760000,513.620000,28022,40183.000000,564.040000,14,564.060000,8,564.080000,2,564.100000,3,564.120000,4,564.220000,1,564.260000,3,564.300000,18,564.320000,9,564.340000,4,564.200000
au2408,,13:48:24.500#,560.200000,565.180000,557.700000,627.760000,513.620000,28023,40183.000000,564.060000,8,564.080000,5,564.100000,2,564.120000,2,564.140000,5,564.200000,4,564.220000,3,564.280000,3,564.300000,6,564.320000,10,564.180000
au2408,,13:48:25.0#,560.200000,565.180000,557.700000,627.760000,513.620000,28027,40183.000000,564.060000,8,564.080000,2,564.100000,2,564.120000,2,564.140000,1,564.200000,4,564.220000,3,564.240000,2,564.260000,3,564.300000,12,564.140000
au2408,,13:48:25.500#,560.200000,565.180000,557.700000,627.760000,513.620000,28027,40183.000000,564.080000,2,564.100000,2,564.120000,2,564.140000,2,564.160000,1,564.180000,3,564.200000,3,564.220000,1,564.240000,2,564.280000,6,564.140000
au2408,,13:48:26.500#,560.200000,565.180000,557.700000,627.760000,513.620000,28031,40181.000000,564.060000,5,564.080000,5,564.100000,2,564.120000,3,564.140000,2,564.180000,2,564.200000,3,564.220000,1,564.240000,1,564.280000,9,564.180000
au2408,,13:48:27.0#,560.200000,565.180000,557.700000,627.760000,513.620000,28034,40180.000000,564.060000,8,564.080000,2,564.100000,1,564.120000,3,564.140000,1,564.180000,1,564.200000,2,564.220000,1,564.240000,1,564.280000,9,564.180000
au2408,,13:48:27.500#,560.200000,565.180000,557.700000,627.760000,513.620000,28036,40179.000000,564.060000,5,564.080000,5,564.100000,1,564.120000,3,564.140000,2,564.180000,1,564.200000,2,564.220000,1,564.240000,1,564.280000,6,564.160000
au2408,,13:48:28.0#,560.200000,565.180000,557.700000,627.760000,513.620000,28037,40179.000000,564.060000,8,564.080000,2,564.100000,1,564.120000,3,564.140000,1,564.180000,1,564.200000,2,564.220000,1,564.240000,1,564.280000,6,564.140000
au2408,,13:48:28.500#,560.200000,565.180000,557.700000,627.760000,513.620000,28039,40179.000000,564.060000,8,564.080000,2,564.100000,2,564.120000,2,564.140000,1,564.180000,2,564.200000,2,564.220000,1,564.280000,6,564.300000,16,564.140000
au2408,,13:48:29.0#,560.200000,565.180000,557.700000,627.760000,513.620000,28041,40178.000000,564.060000,8,564.080000,2,564.100000,2,564.120000,2,564.140000,1,564.160000,1,564.180000,3,564.200000,2,564.220000,1,564.280000,9,564.160000
au2408,,13:48:29.500#,560.200000,565.180000,557.700000,627.760000,513.620000,28043,40177.000000,564.080000,2,564.100000,2,564.120000,2,564.140000,1,564.160000,1,564.180000,3,564.200000,2,564.220000,1,564.280000,12,564.300000,12,564.160000
au2408,,13:48:30.0#,560.200000,565.180000,557.700000,627.760000,513.620000,28043,40177.000000,564.080000,8,564.100000,2,564.120000,3,564.140000,3,564.160000,1,564.180000,3,564.200000,2,564.220000,1,564.300000,10,564.320000,14,564.160000
au2408,,13:48:30.500#,560.200000,565.180000,557.700000,627.760000,513.620000,28046,40177.000000,564.080000,8,564.100000,2,564.120000,3,564.140000,4,564.160000,1,564.200000,2,564.220000,1,564.280000,3,564.300000,10,564.320000,17,564.180000
au2408,,13:48:31.500#,560.200000,565.180000,557.700000,627.760000,513.620000,28050,40176.000000,564.100000,1,564.120000,2,564.140000,4,564.160000,1,564.180000,3,564.200000,2,564.220000,1,564.300000,6,564.320000,10,564.340000,15,564.200000
au2408,,13:48:32.0#,560.200000,565.180000,557.700000,627.760000,513.620000,28053,40176.000000,564.120000,2,564.140000,2,564.160000,3,564.180000,3,564.200000,1,564.220000,1,564.260000,1,564.300000,3,564.320000,3,564.340000,13,564.200000
au2408,,13:48:32.500#,560.200000,565.180000,557.700000,627.760000,513.620000,28056,40173.000000,564.100000,1,564.120000,5,564.140000,1,564.160000,3,564.180000,1,564.220000,1,564.260000,1,564.300000,3,564.340000,10,564.360000,9,564.180000
au2408,,13:48:33.0#,560.200000,565.180000,557.700000,627.760000,513.620000,28057,40172.000000,564.100000,4,564.120000,2,564.140000,1,564.160000,3,564.180000,1,564.240000,2,564.300000,3,564.340000,14,564.360000,8,564.380000,3,564.220000
au2408,,13:48:33.500#,560.200000,565.180000,557.700000,627.760000,513.620000,28059,40171.000000,564.080000,12,564.100000,5,564.120000,2,564.140000,1,564.160000,2,564.240000,1,564.300000,3,564.340000,11,564.360000,8,564.380000,6,564.180000
au2408,,13:48:34.500#,560.200000,565.180000,557.700000,627.760000,513.620000,28062,40171.000000,564.120000,8,564.140000,6,564.160000,1,564.180000,3,564.220000,1,564.240000,1,564.260000,2,564.280000,4,564.300000,8,564.340000,7,564.220000
au2408,,13:48:35.0#,560.200000,565.180000,557.700000,627.760000,513.620000,28063,40170.000000,564.120000,8,564.160000,1,564.180000,5,564.200000,2,564.240000,1,564.260000,1,564.300000,4,564.340000,10,564.360000,15,564.380000,9,564.220000
au2408,,13:48:35.500#,560.200000,565.180000,557.700000,627.760000,513.620000,28064,40169.000000,564.120000,16,564.140000,3,564.180000,5,564.200000,2,564.220000,1,564.260000,1,564.280000,2,564.300000,3,564.340000,4,564.380000,18,564.240000
au2408,,13:48:36.500#,560.200000,565.180000,557.700000,627.760000,513.620000,28068,40167.000000,564.100000,17,564.120000,9,564.140000,3,564.180000,4,564.200000,1,564.280000,4,564.300000,4,564.340000,1,564.360000,6,564.380000,22,564.240000
au2408,,13:48:37.0#,560.200000,565.180000,557.700000,627.760000,513.620000,28069,40167.000000,564.100000,18,564.120000,9,564.160000,1,564.180000,4,564.200000,1,564.260000,3,564.280000,4,564.300000,4,564.340000,4,564.360000,6,564.240000
au2408,,13:48:37.500#,560.200000,565.180000,557.700000,627.760000,513.620000,28071,40166.000000,564.080000,15,564.100000,14,564.120000,6,564.180000,3,564.220000,1,564.260000,4,564.280000,4,564.300000,4,564.340000,7,564.360000,13,564.200000
au2408,,13:48:38.0#,560.200000,565.180000,557.700000,627.760000,513.620000,28073,40166.000000,564.060000,7,564.080000,14,564.100000,12,564.120000,9,564.180000,3,564.240000,3,564.260000,1,564.280000,5,564.300000,4,564.340000,4,564.260000
au2408,,13:48:38.500#,560.200000,565.180000,557.700000,627.760000,513.620000,28075,40165.000000,564.080000,16,564.100000,5,564.120000,6,564.180000,4,564.200000,2,564.240000,1,564.260000,2,564.280000,3,564.300000,4,564.340000,13,564.240000
au2408,,13:48:39.0#,560.200000,565.180000,557.700000,627.760000,513.620000,28079,40162.000000,564.080000,15,564.100000,11,564.120000,3,564.180000,1,564.200000,2,564.260000,4,564.280000,3,564.300000,3,564.320000,3,564.340000,13,564.240000
au2408,,13:48:40.0#,560.200000,565.180000,557.700000,627.760000,513.620000,28083,40162.000000,564.040000,7,564.060000,14,564.080000,4,564.100000,8,564.120000,3,564.220000,1,564.240000,6,564.260000,6,564.280000,3,564.300000,4,564.200000
au2408,,13:48:40.500#,560.200000,565.180000,557.700000,627.760000,513.620000,28086,40159.000000,564.100000,5,564.120000,3,564.140000,5,564.160000,2,564.220000,3,564.240000,5,564.260000,6,564.280000,3,564.300000,7,564.320000,18,564.220000
au2408,,13:48:41.0#,560.200000,565.180000,557.700000,627.760000,513.620000,28089,40156.000000,564.060000,7,564.080000,15,564.100000,8,564.120000,3,564.140000,1,564.220000,3,564.240000,5,564.260000,4,564.280000,3,564.300000,4,564.220000
au2408,,13:48:41.500#,560.200000,565.180000,557.700000,627.760000,513.620000,28090,40156.000000,564.100000,5,564.120000,3,564.140000,1,564.160000,4,564.180000,2,564.220000,2,564.240000,3,564.260000,4,564.280000,3,564.300000,10,564.220000
au2408,,13:48:43.0#,560.200000,565.180000,557.700000,627.760000,513.620000,28096,40153.000000,564.100000,5,564.120000,3,564.140000,2,564.160000,3,564.200000,1,564.220000,3,564.240000,1,564.260000,2,564.280000,6,564.300000,4,564.180000
au2408,,13:48:44.500#,560.200000,565.180000,557.700000,627.760000,513.620000,28097,40153.000000,564.100000,2,564.120000,3,564.140000,1,564.160000,4,564.180000,1,564.220000,4,564.240000,1,564.260000,2,564.280000,3,564.300000,6,564.200000
au2408,,13:48:49.0#,560.200000,565.180000,557.700000,627.760000,513.620000,28110,40147.000000,564.040000,4,564.060000,7,564.100000,2,564.120000,3,564.140000,1,564.180000,1,564.200000,2,564.240000,2,564.260000,1,564.280000,9,564.180000
au2408,,13:48:51.0#,560.200000,565.180000,557.700000,627.760000,513.620000,28115,40146.000000,564.040000,5,564.080000,3,564.100000,2,564.120000,3,564.140000,1,564.180000,2,564.200000,1,564.220000,1,564.240000,2,564.260000,4,564.160000
au2408,,13:48:51.500#,560.200000,565.180000,557.700000,627.760000,513.620000,28116,40146.000000,564.020000,13,564.040000,4,564.060000,3,564.100000,2,564.120000,3,564.180000,4,564.200000,1,564.220000,1,564.240000,2,564.260000,4,564.140000
au2408,,13:48:52.0#,560.200000,565.180000,557.700000,627.760000,513.620000,28117,40146.000000,564.000000,17,564.020000,15,564.040000,4,564.100000,2,564.120000,1,564.160000,1,564.180000,4,564.200000,1,564.220000,1,564.240000,2,564.120000
au2408,,13:48:52.500#,560.200000,565.180000,557.700000,627.760000,513.620000,28117,40146.000000,564.020000,9,564.040000,1,564.060000,3,564.100000,2,564.120000,1,564.160000,2,564.180000,3,564.200000,1,564.220000,1,564.240000,4,564.120000
au2408,,13:48:53.500#,560.200000,565.180000,557.700000,627.760000,513.620000,28119,40144.000000,564.000000,11,564.020000,6,564.040000,4,564.080000,1,564.100000,2,564.160000,1,564.180000,2,564.200000,1,564.220000,1,564.240000,3,564.160000
au2408,,13:48:54.0#,560.200000,565.180000,557.700000,627.760000,513.620000,28120,40144.000000,564.000000,17,564.020000,3,564.040000,4,564.080000,1,564.100000,2,564.180000,2,564.200000,1,564.240000,3,564.260000,10,564.280000,12,564.160000
au2408,,13:48:56.0#,560.200000,565.180000,557.700000,627.760000,513.620000,28124,40141.000000,564.020000,15,564.040000,1,564.100000,1,564.120000,3,564.140000,1,564.180000,2,564.200000,1,564.260000,7,564.280000,19,564.300000,14,564.160000
au2408,,13:48:56.500#,560.200000,565.180000,557.700000,627.760000,513.620000,28127,40139.000000,564.000000,18,564.020000,19,564.040000,4,564.100000,1,564.120000,2,564.180000,1,564.200000,1,564.240000,3,564.260000,1,564.280000,12,564.180000
au2408,,13:48:57.0#,560.200000,565.180000,557.700000,627.760000,513.620000,28127,40139.000000,564.000000,21,564.020000,16,564.040000,4,564.100000,1,564.140000,2,564.160000,1,564.180000,1,564.200000,1,564.240000,3,564.260000,1,564.180000
au2408,,13:48:58.0#,560.200000,565.180000,557.700000,627.760000,513.620000,28139,40141.000000,564.020000,9,564.040000,9,564.060000,7,564.100000,1,564.120000,1,564.160000,6,564.180000,4,564.200000,3,564.220000,1,564.240000,3,564.160000
au2408,,13:48:59.0#,560.200000,565.180000,557.700000,627.760000,513.620000,28143,40140.000000,563.980000,7,564.000000,18,564.020000,13,564.040000,4,564.100000,1,564.180000,3,564.200000,3,564.220000,1,564.240000,7,564.260000,1,564.160000
au2408,,13:48:59.500#,560.200000,565.180000,557.700000,627.760000,513.620000,28144,40139.000000,564.020000,9,564.040000,1,564.080000,1,564.100000,1,564.120000,1,564.160000,3,564.180000,3,564.200000,3,564.220000,1,564.240000,3,564.160000
au2408,,13:49:00.0#,560.200000,565.180000,557.700000,627.760000,513.620000,28146,40138.000000,564.020000,9,564.040000,4,564.080000,1,564.100000,1,564.120000,2,564.160000,1,564.180000,3,564.200000,3,564.220000,1,564.240000,3,564.160000
au2408,,13:49:00.500#,560.200000,565.180000,557.700000,627.760000,513.620000,28149,40138.000000,564.000000,13,564.020000,12,564.040000,1,564.080000,1,564.100000,1,564.160000,2,564.180000,2,564.200000,3,564.220000,1,564.240000,6,564.160000
au2408,,13:49:01.500#,560.200000,565.180000,557.700000,627.760000,513.620000,28151,40137.000000,564.000000,11,564.020000,5,564.040000,4,564.080000,1,564.100000,1,564.140000,2,564.160000,2,564.180000,2,564.200000,3,564.220000,3,564.120000
au2408,,13:49:02.0#,560.200000,565.180000,557.700000,627.760000,513.620000,28151,40137.000000,564.000000,13,564.020000,2,564.040000,1,564.080000,1,564.100000,1,564.140000,3,564.160000,2,564.180000,1,564.200000,3,564.220000,6,564.120000
au2408,,13:49:02.500#,560.200000,565.180000,557.700000,627.760000,513.620000,28152,40137.000000,563.980000,12,564.000000,10,564.020000,5,564.040000,1,564.080000,1,564.120000,2,564.140000,1,564.160000,2,564.180000,1,564.200000,3,564.100000
au2408,,13:49:03.0#,560.200000,565.180000,557.700000,627.760000,513.620000,28155,40136.000000,563.980000,7,564.000000,4,564.020000,5,564.040000,1,564.120000,1,564.140000,1,564.160000,3,564.180000,1,564.200000,6,564.220000,3,564.120000
au2408,,13:49:03.500#,560.200000,565.180000,557.700000,627.760000,513.620000,28157,40135.000000,564.000000,8,564.020000,8,564.040000,1,564.060000,1,564.140000,1,564.160000,1,564.180000,1,564.200000,3,564.220000,3,564.240000,3,564.120000
au2408,,13:49:04.0#,560.200000,565.180000,557.700000,627.760000,513.620000,28158,40135.000000,564.000000,15,564.020000,6,564.040000,1,564.060000,1,564.080000,3,564.120000,1,564.160000,1,564.180000,1,564.200000,2,564.220000,3,564.140000
au2408,,13:49:04.500#,560.200000,565.180000,557.700000,627.760000,513.620000,28159,40134.000000,564.000000,7,564.020000,5,564.040000,1,564.060000,1,564.080000,4,564.140000,1,564.160000,1,564.180000,1,564.200000,2,564.220000,3,564.120000
au2408,,13:49:05.0#,560.200000,565.180000,557.700000,627.760000,513.620000,28159,40134.000000,564.020000,5,564.040000,1,564.080000,5,564.100000,4,564.140000,1,564.160000,1,564.180000,1,564.200000,2,564.220000,3,564.240000,9,564.120000
au2408,,13:49:06.0#,560.200000,565.180000,557.700000,627.760000,513.620000,28160,40133.000000,564.000000,17,564.020000,8,564.040000,1,564.080000,1,564.100000,8,564.160000,2,564.180000,1,564.200000,2,564.240000,3,564.260000,6,564.140000
au2408,,13:49:06.500#,560.200000,565.180000,557.700000,627.760000,513.620000,28161,40132.000000,563.980000,12,564.000000,14,564.020000,8,564.040000,1,564.100000,8,564.160000,1,564.180000,1,564.200000,2,564.240000,3,564.260000,9,564.160000
au2408,,13:49:07.500#,560.200000,565.180000,557.700000,627.760000,513.620000,28163,40132.000000,564.000000,19,564.020000,11,564.040000,1,564.100000,5,564.120000,4,564.180000,1,564.200000,2,564.240000,3,564.260000,9,564.280000,23,564.160000
au2408,,13:49:08.0#,560.200000,565.180000,557.700000,627.760000,513.620000,28166,40130.000000,564.000000,18,564.020000,12,564.040000,4,564.100000,5,564.120000,3,564.160000,1,564.180000,1,564.200000,2,564.240000,3,564.260000,3,564.120000
au2408,,13:49:09.500#,560.200000,565.180000,557.700000,627.760000,513.620000,28172,40126.000000,564.040000,10,564.060000,6,564.100000,4,564.120000,4,564.140000,1,564.160000,1,564.200000,5,564.220000,8,564.260000,3,564.280000,7,564.180000
au2408,,13:49:12.500#,560.200000,565.180000,557.700000,627.760000,513.620000,28182,40123.000000,564.080000,6,564.100000,2,564.120000,4,564.140000,3,564.160000,4,564.200000,1,564.220000,1,564.240000,1,564.280000,3,564.300000,9,564.160000
au2408,,13:49:13.0#,560.200000,565.180000,557.700000,627.760000,513.620000,28186,40121.000000,564.060000,10,564.080000,3,564.100000,5,564.120000,3,564.140000,3,564.200000,1,564.220000,1,564.240000,1,564.280000,3,564.300000,6,564.180000
au2408,,13:49:13.500#,560.200000,565.180000,557.700000,627.760000,513.620000,28186,40121.000000,564.080000,3,564.100000,2,564.120000,3,564.140000,3,564.160000,4,564.180000,1,564.200000,2,564.220000,1,564.240000,1,564.280000,3,564.180000
au2408,,13:49:14.0#,560.200000,565.180000,557.700000,627.760000,513.620000,28188,40120.000000,564.060000,4,564.080000,3,564.100000,2,564.120000,3,564.140000,3,564.200000,2,564.220000,1,564.240000,1,564.280000,9,564.300000,3,564.180000
au2408,,13:49:14.500#,560.200000,565.180000,557.700000,627.760000,513.620000,28189,40119.000000,564.060000,10,564.100000,2,564.120000,3,564.140000,3,564.160000,3,564.200000,2,564.220000,1,564.240000,1,564.280000,6,564.300000,9,564.180000
au2408,,13:49:15.500#,560.200000,565.180000,557.700000,627.760000,513.620000,28191,40118.000000,564.080000,6,564.100000,2,564.120000,3,564.140000,3,564.160000,5,564.220000,1,564.240000,1,564.280000,3,564.300000,9,564.320000,14,564.200000
au2408,,13:49:17.0#,560.200000,565.180000,557.700000,627.760000,513.620000,28193,40117.000000,564.100000,5,564.120000,3,564.140000,2,564.160000,3,564.180000,2,564.240000,1,564.280000,3,564.300000,3,564.320000,7,564.340000,20,564.180000
au2408,,13:49:17.500#,560.200000,565.180000,557.700000,627.760000,513.620000,28196,40116.000000,564.100000,8,564.120000,3,564.140000,2,564.160000,3,564.180000,1,564.220000,1,564.240000,1,564.280000,6,564.320000,4,564.340000,13,564.220000
au2408,,13:49:18.500#,560.200000,565.180000,557.700000,627.760000,513.620000,28200,40113.000000,564.080000,6,564.100000,2,564.120000,3,564.160000,3,564.180000,3,564.240000,1,564.260000,1,564.280000,3,564.300000,6,564.320000,7,564.200000
au2408,,13:49:20.0#,560.200000,565.180000,557.700000,627.760000,513.620000,28206,40112.000000,564.060000,16,564.100000,5,564.120000,3,564.160000,2,564.180000,4,564.200000,1,564.220000,2,564.240000,4,564.260000,1,564.280000,3,564.200000
au2408,,13:49:20.500#,560.200000,565.180000,557.700000,627.760000,513.620000,28207,40111.000000,564.080000,3,564.100000,2,564.120000,3,564.160000,3,564.180000,4,564.220000,3,564.240000,5,564.280000,6,564.300000,3,564.320000,6,564.200000
au2408,,13:49:21.0#,560.200000,565.180000,557.700000,627.760000,513.620000,28211,40110.000000,564.060000,16,564.080000,12,564.100000,2,564.120000,3,564.160000,3,564.200000,1,564.220000,1,564.240000,4,564.280000,3,564.300000,3,564.220000
au2408,,13:49:21.500#,560.200000,565.180000,557.700000,627.760000,513.620000,28212,40109.000000,564.060000,13,564.100000,5,564.120000,3,564.160000,5,564.200000,1,564.220000,1,564.240000,4,564.280000,3,564.300000,6,564.320000,13,564.200000
au2408,,13:49:22.0#,560.200000,565.180000,557.700000,627.760000,513.620000,28214,40107.000000,564.060000,15,564.080000,10,564.100000,5,564.120000,3,564.160000,5,564.220000,2,564.240000,3,564.280000,3,564.300000,3,564.320000,3,564.200000
au2408,,13:49:23.500#,560.200000,565.180000,557.700000,627.760000,513.620000,28217,40106.000000,564.080000,9,564.100000,2,564.120000,3,564.140000,1,564.160000,2,564.220000,3,564.240000,3,564.280000,3,564.300000,3,564.320000,9,564.180000
au2408,,13:49:24.500#,560.200000,565.180000,557.700000,627.760000,513.620000,28219,40105.000000,564.080000,3,564.100000,5,564.120000,3,564.140000,1,564.160000,2,564.200000,1,564.220000,3,564.240000,2,564.280000,3,564.300000,6,564.180000
au2408,,13:49:25.500#,560.200000,565.180000,557.700000,627.760000,513.620000,28222,40103.000000,564.100000,8,564.120000,3,564.140000,1,564.160000,1,564.180000,1,564.200000,1,564.220000,3,564.240000,2,564.280000,3,564.300000,3,564.200000
au2408,,13:49:26.0#,560.200000,565.180000,557.700000,627.760000,513.620000,28223,40103.000000,564.080000,6,564.100000,5,564.120000,3,564.140000,2,564.160000,3,564.220000,3,564.240000,2,564.280000,3,564.300000,6,564.320000,6,564.200000
au2408,,13:49:26.500#,560.200000,565.180000,557.700000,627.760000,513.620000,28224,40103.000000,564.100000,5,564.120000,3,564.140000,2,564.160000,3,564.180000,1,564.220000,2,564.240000,2,564.280000,3,564.320000,12,564.340000,16,564.220000
au2408,,13:49:27.0#,560.200000,565.180000,557.700000,627.760000,513.620000,28226,40102.000000,564.100000,5,564.120000,3,564.140000,2,564.160000,2,564.180000,3,564.220000,1,564.240000,2,564.280000,3,564.300000,3,564.320000,6,564.180000
au2408,,13:49:28.0#,560.200000,565.180000,557.700000,627.760000,513.620000,28231,40099.000000,564.080000,6,564.100000,2,564.120000,3,564.160000,1,564.180000,6,564.220000,1,564.240000,2,564.280000,6,564.320000,12,564.340000,16,564.200000
au2408,,13:49:28.500#,560.200000,565.180000,557.700000,627.760000,513.620000,28234,40098.000000,564.080000,12,564.100000,2,564.120000,3,564.160000,1,564.180000,3,564.220000,2,564.240000,2,564.280000,6,564.320000,9,564.340000,14,564.200000
au2408,,13:49:29.0#,560.200000,565.180000,557.700000,627.760000,513.620000,28236,40099.000000,564.080000,12,564.100000,2,564.120000,3,564.160000,2,564.180000,1,564.200000,3,564.220000,4,564.240000,2,564.280000,3,564.300000,3,564.180000
